 0.05  0.000000000000e+00  1
 0.15  0.000000000000e+00  1
 0.25  0.000000000000e+00  1
 0.35  0.000000000000e+00  1
 0.45  0.000000000000e+00  1
 0.55  0.000000000000e+00  1
 0.65  0.000000000000e+00  1
 0.75  0.000000000000e+00  1
 0.85  0.000000000000e+00  1
 0.95  0.000000000000e+00  1
 1.05  0.000000000000e+00  1
 1.15  0.000000000000e+00  1
 1.25  0.000000000000e+00  1
 1.35  0.000000000000e+00  1
 1.45  0.000000000000e+00  1
 1.55  0.000000000000e+00  1
 1.65  0.000000000000e+00  1
 1.75  0.000000000000e+00  1
 1.85  0.000000000000e+00  1
 1.95  0.000000000000e+00  1
 2.05  0.000000000000e+00  1
 2.15  0.000000000000e+00  1
 2.25  0.000000000000e+00  1
 2.35  0.000000000000e+00  1
 2.45  0.000000000000e+00  1
 2.55  0.000000000000e+00  1
 2.65  0.000000000000e+00  1
 2.75  3.155537000000e+01  1
 2.85  2.048250184000e+01  1
 2.95  1.456288833062e+01  1
 3.05  1.017188034838e+01  1
 3.15  6.653393514938e+00  1
 3.25  3.948203522617e+00  1
 3.35  2.110347002278e+00  1
 3.45  1.012906515502e+00  1
 3.55  4.294213261057e-01  1
 3.65  1.554886005152e-01  1
 3.75  4.058072097660e-02  1
 3.85  2.742370077913e-02  1
 3.95  5.960571992021e-02  1
 4.05  1.106747650734e-01  1
 4.15  1.768335736548e-01  1
 4.25  2.306371059585e-01  1
 4.35  2.849289248244e-01  1
 4.45  3.126891168495e-01  1
 4.55  3.365890399192e-01  1
 4.65  3.290899467286e-01  1
 4.75  2.504668136061e-01  1
 4.85  1.540363799383e-01  1
 4.95  2.767579941631e-02  1
 5.05 -8.044193331184e-02  1
 5.15 -1.505725424540e-01  1
 5.25 -1.899663617769e-01  1
 5.35 -2.047415533426e-01  1
 5.45 -2.044128178812e-01  1
 5.55 -1.960660879802e-01  1
 5.65 -1.833480510549e-01  1
 5.75 -1.691609852062e-01  1
 5.85 -1.540754814478e-01  1
 5.95 -1.397760995128e-01  1
 6.05 -1.258314343091e-01  1
 6.15 -1.127393506185e-01  1
 6.25 -1.004021327886e-01  1
 6.35 -8.830846649186e-02  1
 6.45 -7.678325910081e-02  1
 6.55 -6.604887360355e-02  1
 6.65 -5.743259206272e-02  1
 6.75 -5.032816422961e-02  1
 6.85 -4.493838991379e-02  1
 6.95 -4.041355096622e-02  1
 7.05 -3.660864363399e-02  1
 7.15 -3.323047976700e-02  1
 7.25 -3.024418431641e-02  1
 7.35 -2.752583986271e-02  1
 7.45 -2.510957622010e-02  1
 7.55 -2.297666683707e-02  1
 7.65 -2.111703792667e-02  1
 7.75 -1.944999689155e-02  1
 7.85 -1.795705907920e-02  1
 7.95 -1.655139010936e-02  1
 8.05 -1.527118727351e-02  1
 8.15 -1.407616825831e-02  1
 8.25 -1.298811921165e-02  1
 8.35 -1.198767089530e-02  1
 8.45 -1.104971329866e-02  1
 8.55 -1.020444966998e-02  1
 8.65 -9.414343679363e-03  1
 8.75 -8.699436924766e-03  1
 8.85 -8.037322558705e-03  1
 8.95 -7.429562086050e-03  1
 9.05 -6.867286313014e-03  1
 9.15 -6.342293756566e-03  1
 9.25 -5.862347563195e-03  1
 9.35 -5.417281609428e-03  1
 9.45 -5.007301236464e-03  1
 9.55 -4.629952502711e-03  1
 9.65 -4.284880618104e-03  1
 9.75 -3.962451711230e-03  1
 9.85 -3.672446215425e-03  1
 9.95 -3.402427498312e-03  1
10.05 -3.155102477954e-03  1
10.15 -2.925098507823e-03  1
10.25 -2.712551128861e-03  1
10.35 -2.520092462598e-03  1
10.45 -2.337534181627e-03  1
10.55 -2.175037771239e-03  1
10.65 -2.022535446070e-03  1
10.75 -1.885010832989e-03  1
10.85 -1.755004287194e-03  1
10.95 -1.640000000000e-03  1
11.05 -1.532499482017e-03  1
11.15 -1.435044852329e-03  1
11.25 -1.340000000000e-03  1
11.35 -1.260000000000e-03  1
11.45 -1.180000000000e-03  1
11.55 -1.110000000000e-03  1
11.65 -1.042562530903e-03  1
11.75 -9.800000000000e-04  1
11.85 -9.225541700413e-04  1
11.95 -8.700000000000e-04  1
 0.05  0.000000000000e+00  2
 0.15  0.000000000000e+00  2
 0.25  0.000000000000e+00  2
 0.35  0.000000000000e+00  2
 0.45  0.000000000000e+00  2
 0.55  0.000000000000e+00  2
 0.65  0.000000000000e+00  2
 0.75  0.000000000000e+00  2
 0.85  0.000000000000e+00  2
 0.95  0.000000000000e+00  2
 1.05  0.000000000000e+00  2
 1.15  0.000000000000e+00  2
 1.25  0.000000000000e+00  2
 1.35  0.000000000000e+00  2
 1.45  0.000000000000e+00  2
 1.55  0.000000000000e+00  2
 1.65  0.000000000000e+00  2
 1.75  0.000000000000e+00  2
 1.85  0.000000000000e+00  2
 1.95  0.000000000000e+00  2
 2.05  0.000000000000e+00  2
 2.15  0.000000000000e+00  2
 2.25  0.000000000000e+00  2
 2.35  0.000000000000e+00  2
 2.45  0.000000000000e+00  2
 2.55  0.000000000000e+00  2
 2.65  0.000000000000e+00  2
 2.75  0.000000000000e+00  2
 2.85  0.000000000000e+00  2
 2.95  0.000000000000e+00  2
 3.05  0.000000000000e+00  2
 3.15  0.000000000000e+00  2
 3.25  0.000000000000e+00  2
 3.35  0.000000000000e+00  2
 3.45  0.000000000000e+00  2
 3.55  0.000000000000e+00  2
 3.65  0.000000000000e+00  2
 3.75  0.000000000000e+00  2
 3.85  0.000000000000e+00  2
 3.95  0.000000000000e+00  2
 4.05 -3.846833333333e-01  2
 4.15 -4.037643243243e-01  2
 4.25 -3.872720761246e-01  2
 4.35 -3.637156250000e-01  2
 4.45 -3.375190130486e-01  2
 4.55 -3.096780911063e-01  2
 4.65 -2.829214501875e-01  2
 4.75 -2.586374305771e-01  2
 4.85 -2.367148753949e-01  2
 4.95 -2.179321254591e-01  2
 5.05 -2.018591071214e-01  2
 5.15 -1.872872274748e-01  2
 5.25 -1.744063956824e-01  2
 5.35 -1.634982780827e-01  2
 5.45 -1.556256253417e-01  2
 5.55 -1.500560883713e-01  2
 5.65 -1.469385257358e-01  2
 5.75 -1.426882643866e-01  2
 5.85 -1.381414085765e-01  2
 5.95 -1.318271137013e-01  2
 6.05 -1.251511273484e-01  2
 6.15 -1.175366736824e-01  2
 6.25 -1.092282328430e-01  2
 6.35 -1.004989118348e-01  2
 6.45 -9.209348427169e-02  2
 6.55 -8.351079420881e-02  2
 6.65 -7.560664558756e-02  2
 6.75 -6.810374985596e-02  2
 6.85 -6.112919527775e-02  2
 6.95 -5.441332323494e-02  2
 7.05 -4.847134065895e-02  2
 7.15 -4.317212200447e-02  2
 7.25 -3.853117406121e-02  2
 7.35 -3.457794493054e-02  2
 7.45 -3.118309968304e-02  2
 7.55 -2.835324408172e-02  2
 7.65 -2.587261391341e-02  2
 7.75 -2.378423700917e-02  2
 7.85 -2.186412358678e-02  2
 7.95 -2.012147532120e-02  2
 8.05 -1.854148572622e-02  2
 8.15 -1.707127289438e-02  2
 8.25 -1.573690126040e-02  2
 8.35 -1.447878919861e-02  2
 8.45 -1.332398748090e-02  2
 8.55 -1.223954823407e-02  2
 8.65 -1.124037262989e-02  2
 8.75 -1.031558260247e-02  2
 8.85 -9.455532529437e-03  2
 8.95 -8.665552058175e-03  2
 9.05 -7.955459876530e-03  2
 9.15 -7.290229917856e-03  2
 9.25 -6.700000000000e-03  2
 9.35 -6.160000000000e-03  2
 9.45 -5.680000000000e-03  2
 9.55 -5.240000000000e-03  2
 9.65 -4.850000000000e-03  2
 9.75 -4.480000000000e-03  2
 9.85 -4.155015078372e-03  2
 9.95 -3.865005798822e-03  2
10.05 -3.594984843407e-03  2
10.15 -3.345003345476e-03  2
10.25 -3.115003725429e-03  2
10.35 -2.904996778224e-03  2
10.45 -2.704970571232e-03  2
10.55 -2.524953369219e-03  2
10.65 -2.364970808006e-03  2
10.75 -2.210000000000e-03  2
10.85 -2.070000000000e-03  2
10.95 -1.934950594153e-03  2
11.05 -1.810000000000e-03  2
11.15 -1.700000000000e-03  2
11.25 -1.590000000000e-03  2
11.35 -1.490000000000e-03  2
11.45 -1.400000000000e-03  2
11.55 -1.320000000000e-03  2
11.65 -1.240000000000e-03  2
11.75 -1.160000000000e-03  2
11.85 -1.090000000000e-03  2
11.95 -1.030000000000e-03  2
 0.05  0.000000000000e+00  3
 0.15  0.000000000000e+00  3
 0.25  0.000000000000e+00  3
 0.35  0.000000000000e+00  3
 0.45  0.000000000000e+00  3
 0.55  0.000000000000e+00  3
 0.65  0.000000000000e+00  3
 0.75  0.000000000000e+00  3
 0.85  0.000000000000e+00  3
 0.95  0.000000000000e+00  3
 1.05  0.000000000000e+00  3
 1.15  0.000000000000e+00  3
 1.25  0.000000000000e+00  3
 1.35  0.000000000000e+00  3
 1.45  0.000000000000e+00  3
 1.55  0.000000000000e+00  3
 1.65  0.000000000000e+00  3
 1.75  0.000000000000e+00  3
 1.85  0.000000000000e+00  3
 1.95  0.000000000000e+00  3
 2.05  0.000000000000e+00  3
 2.15  0.000000000000e+00  3
 2.25  0.000000000000e+00  3
 2.35  0.000000000000e+00  3
 2.45  0.000000000000e+00  3
 2.55  0.000000000000e+00  3
 2.65  0.000000000000e+00  3
 2.75  0.000000000000e+00  3
 2.85  0.000000000000e+00  3
 2.95  0.000000000000e+00  3
 3.05  1.152627200000e+01  3
 3.15  8.416249029851e+00  3
 3.25  5.915879750656e+00  3
 3.35  3.789125939238e+00  3
 3.45  2.324580783530e+00  3
 3.55  1.446103926094e+00  3
 3.65  1.049087433106e+00  3
 3.75  9.227227811825e-01  3
 3.85  8.583505818864e-01  3
 3.95  8.115037677889e-01  3
 4.05  7.347347365830e-01  3
 4.15  6.513902623970e-01  3
 4.25  5.395256213190e-01  3
 4.35  4.357232817590e-01  3
 4.45  3.379698774638e-01  3
 4.55  2.452078015029e-01  3
 4.65  1.746654860193e-01  3
 4.75  1.190502839540e-01  3
 4.85  8.357587361253e-02  3
 4.95  4.692759477925e-02  3
 5.05  8.832256974983e-03  3
 5.15 -3.065069083524e-02  3
 5.25 -7.066164007493e-02  3
 5.35 -1.013332406193e-01  3
 5.45 -1.243694079081e-01  3
 5.55 -1.370384422888e-01  3
 5.65 -1.417064633893e-01  3
 5.75 -1.404392740268e-01  3
 5.85 -1.349711839868e-01  3
 5.95 -1.270024562324e-01  3
 6.05 -1.177932075251e-01  3
 6.15 -1.080244756918e-01  3
 6.25 -9.817976642598e-02  3
 6.35 -8.849630690283e-02  3
 6.45 -7.939552654063e-02  3
 6.55 -7.096130421438e-02  3
 6.65 -6.312128167879e-02  3
 6.75 -5.603347766998e-02  3
 6.85 -4.960632160068e-02  3
 6.95 -4.392368983986e-02  3
 7.05 -3.899018364462e-02  3
 7.15 -3.478247046953e-02  3
 7.25 -3.121075236291e-02  3
 7.35 -2.823600296360e-02  3
 7.45 -2.552725262832e-02  3
 7.55 -2.318231159003e-02  3
 7.65 -2.108478377948e-02  3
 7.75 -1.922207647823e-02  3
 7.85 -1.753935208134e-02  3
 7.95 -1.601429716339e-02  3
 8.05 -1.465213204529e-02  3
 8.15 -1.341987548919e-02  3
 8.25 -1.230261066313e-02  3
 8.35 -1.128036773700e-02  3
 8.45 -1.035277995977e-02  3
 8.55 -9.520193518324e-03  3
 8.65 -8.737395709889e-03  3
 8.75 -8.024541837671e-03  3
 8.85 -7.369220074248e-03  3
 8.95 -6.778723462966e-03  3
 9.05 -6.235842679261e-03  3
 9.15 -5.733015820473e-03  3
 9.25 -5.253555080647e-03  3
 9.35 -4.812019189262e-03  3
 9.45 -4.417357929080e-03  3
 9.55 -4.072165844382e-03  3
 9.65 -3.784732889565e-03  3
 9.75 -3.529704127141e-03  3
 9.85 -3.284879380915e-03  3
 9.95 -3.059970753709e-03  3
10.05 -2.852479381278e-03  3
10.15 -2.659933500802e-03  3
10.25 -2.484926010259e-03  3
10.35 -2.319944842550e-03  3
10.45 -2.167483078436e-03  3
10.55 -2.025004885182e-03  3
10.65 -1.894993377936e-03  3
10.75 -1.774993343516e-03  3
10.85 -1.657494462076e-03  3
10.95 -1.554974657520e-03  3
11.05 -1.457493852018e-03  3
11.15 -1.367483022350e-03  3
11.25 -1.277472539698e-03  3
11.35 -1.197451216286e-03  3
11.45 -1.124914827386e-03  3
11.55 -1.047450444360e-03  3
11.65 -9.825176536804e-04  3
11.75 -9.200000000000e-04  3
11.85 -8.675020960618e-04  3
11.95 -8.175010537912e-04  3
 0.05  0.000000000000e+00  4
 0.15  0.000000000000e+00  4
 0.25  0.000000000000e+00  4
 0.35  0.000000000000e+00  4
 0.45  0.000000000000e+00  4
 0.55  0.000000000000e+00  4
 0.65  0.000000000000e+00  4
 0.75  0.000000000000e+00  4
 0.85  0.000000000000e+00  4
 0.95  0.000000000000e+00  4
 1.05  0.000000000000e+00  4
 1.15  0.000000000000e+00  4
 1.25  0.000000000000e+00  4
 1.35  0.000000000000e+00  4
 1.45  0.000000000000e+00  4
 1.55  0.000000000000e+00  4
 1.65  0.000000000000e+00  4
 1.75  0.000000000000e+00  4
 1.85  0.000000000000e+00  4
 1.95  0.000000000000e+00  4
 2.05  0.000000000000e+00  4
 2.15  0.000000000000e+00  4
 2.25  0.000000000000e+00  4
 2.35  0.000000000000e+00  4
 2.45  0.000000000000e+00  4
 2.55  0.000000000000e+00  4
 2.65  0.000000000000e+00  4
 2.75  0.000000000000e+00  4
 2.85  0.000000000000e+00  4
 2.95  0.000000000000e+00  4
 3.05  0.000000000000e+00  4
 3.15  0.000000000000e+00  4
 3.25  0.000000000000e+00  4
 3.35  2.842880000000e+00  4
 3.45  1.824910000000e+00  4
 3.55  1.026409555556e+00  4
 3.65  5.605713614704e-01  4
 3.75  2.625935588482e-01  4
 3.85  4.784607381531e-02  4
 3.95 -1.077747823372e-01  4
 4.05 -2.081984822595e-01  4
 4.15 -2.571901059952e-01  4
 4.25 -2.718669412197e-01  4
 4.35 -2.657402241706e-01  4
 4.45 -2.473268468658e-01  4
 4.55 -2.268412973637e-01  4
 4.65 -2.058658879462e-01  4
 4.75 -1.888267085662e-01  4
 4.85 -1.746201594422e-01  4
 4.95 -1.693321061832e-01  4
 5.05 -1.642603300341e-01  4
 5.15 -1.613892910769e-01  4
 5.25 -1.600060173476e-01  4
 5.35 -1.572329808731e-01  4
 5.45 -1.542880269044e-01  4
 5.55 -1.495003434801e-01  4
 5.65 -1.434779618838e-01  4
 5.75 -1.358116133491e-01  4
 5.85 -1.261142338355e-01  4
 5.95 -1.144988068540e-01  4
 6.05 -1.022017941026e-01  4
 6.15 -9.014727255755e-02  4
 6.25 -7.968101554341e-02  4
 6.35 -7.085397762142e-02  4
 6.45 -6.321334894685e-02  4
 6.55 -5.704473033644e-02  4
 6.65 -5.177577095441e-02  4
 6.75 -4.743006907594e-02  4
 6.85 -4.340367283349e-02  4
 6.95 -3.978079287401e-02  4
 7.05 -3.633290552973e-02  4
 7.15 -3.313677901666e-02  4
 7.25 -3.020120188308e-02  4
 7.35 -2.754080020219e-02  4
 7.45 -2.512005961578e-02  4
 7.55 -2.294047952192e-02  4
 7.65 -2.098173353874e-02  4
 7.75 -1.916550772447e-02  4
 7.85 -1.751378167515e-02  4
 7.95 -1.600500023316e-02  4
 8.05 -1.465848715034e-02  4
 8.15 -1.341098156490e-02  4
 8.25 -1.229328094885e-02  4
 8.35 -1.127988259623e-02  4
 8.45 -1.038168736106e-02  4
 8.55 -9.561499386786e-03  4
 8.65 -8.806343493287e-03  4
 8.75 -8.128885734396e-03  4
 8.85 -7.508948826577e-03  4
 8.95 -6.941627344621e-03  4
 9.05 -6.416943129592e-03  4
 9.15 -5.932330229193e-03  4
 9.25 -5.490089883984e-03  4
 9.35 -5.077828570754e-03  4
 9.45 -4.702888531033e-03  4
 9.55 -4.355371154766e-03  4
 9.65 -4.030508265492e-03  4
 9.75 -3.737861481077e-03  4
 9.85 -3.460300670255e-03  4
 9.95 -3.207711055701e-03  4
10.05 -2.970062803871e-03  4
10.15 -2.757548869345e-03  4
10.25 -2.559958891983e-03  4
10.35 -2.377468195102e-03  4
10.45 -2.207460004316e-03  4
10.55 -2.057445002491e-03  4
10.65 -1.917443603789e-03  4
10.75 -1.790000000000e-03  4
10.85 -1.670000000000e-03  4
10.95 -1.560000000000e-03  4
11.05 -1.460000000000e-03  4
11.15 -1.367557475021e-03  4
11.25 -1.282545316647e-03  4
11.35 -1.202557128671e-03  4
11.45 -1.130000000000e-03  4
11.55 -1.060000000000e-03  4
11.65 -9.975449655439e-04  4
11.75 -9.375371072205e-04  4
11.85 -8.800000000000e-04  4
11.95 -8.300000000000e-04  4
 0.05  0.000000000000e+00  5
 0.15  0.000000000000e+00  5
 0.25  0.000000000000e+00  5
 0.35  0.000000000000e+00  5
 0.45  0.000000000000e+00  5
 0.55  0.000000000000e+00  5
 0.65  0.000000000000e+00  5
 0.75  0.000000000000e+00  5
 0.85  0.000000000000e+00  5
 0.95  0.000000000000e+00  5
 1.05  0.000000000000e+00  5
 1.15  0.000000000000e+00  5
 1.25  0.000000000000e+00  5
 1.35  0.000000000000e+00  5
 1.45  0.000000000000e+00  5
 1.55  0.000000000000e+00  5
 1.65  0.000000000000e+00  5
 1.75  0.000000000000e+00  5
 1.85  0.000000000000e+00  5
 1.95  0.000000000000e+00  5
 2.05  0.000000000000e+00  5
 2.15  0.000000000000e+00  5
 2.25  0.000000000000e+00  5
 2.35  0.000000000000e+00  5
 2.45  0.000000000000e+00  5
 2.55  0.000000000000e+00  5
 2.65  0.000000000000e+00  5
 2.75  0.000000000000e+00  5
 2.85  0.000000000000e+00  5
 2.95  0.000000000000e+00  5
 3.05  0.000000000000e+00  5
 3.15  7.392377500000e+00  5
 3.25  7.425518888889e+00  5
 3.35  3.853356571429e+00  5
 3.45  2.104276388175e+00  5
 3.55  1.217564884444e+00  5
 3.65  6.642251756998e-01  5
 3.75  3.302726584939e-01  5
 3.85  1.769328857669e-01  5
 3.95  1.223705601365e-01  5
 4.05  1.062317766320e-01  5
 4.15  1.106799595401e-01  5
 4.25  1.236291588223e-01  5
 4.35  1.211868542263e-01  5
 4.45  1.029193488595e-01  5
 4.55  6.893331675972e-02  5
 4.65  3.948810524131e-02  5
 4.75  9.531623958641e-03  5
 4.85 -6.589646780338e-03  5
 4.95 -2.509475192052e-02  5
 5.05 -4.906574206839e-02  5
 5.15 -7.585120475188e-02  5
 5.25 -1.001174088586e-01  5
 5.35 -1.192791910518e-01  5
 5.45 -1.287139855503e-01  5
 5.55 -1.306547145385e-01  5
 5.65 -1.279608045707e-01  5
 5.75 -1.230011039740e-01  5
 5.85 -1.171493416404e-01  5
 5.95 -1.103207322723e-01  5
 6.05 -1.030402023279e-01  5
 6.15 -9.550592225806e-02  5
 6.25 -8.763780638836e-02  5
 6.35 -8.006533076539e-02  5
 6.45 -7.256185071266e-02  5
 6.55 -6.557950382664e-02  5
 6.65 -5.897792473077e-02  5
 6.75 -5.282865554227e-02  5
 6.85 -4.694216417137e-02  5
 6.95 -4.128052062124e-02  5
 7.05 -3.624262410967e-02  5
 7.15 -3.220333251112e-02  5
 7.25 -2.914265051127e-02  5
 7.35 -2.683926368513e-02  5
 7.45 -2.474091907390e-02  5
 7.55 -2.274892224631e-02  5
 7.65 -2.090024133482e-02  5
 7.75 -1.912489316860e-02  5
 7.85 -1.749463648927e-02  5
 7.95 -1.599135344783e-02  5
 8.05 -1.460116271175e-02  5
 8.15 -1.336812001173e-02  5
 8.25 -1.223818782040e-02  5
 8.35 -1.121520867710e-02  5
 8.45 -1.030273489537e-02  5
 8.55 -9.477589687976e-03  5
 8.65 -8.720149800020e-03  5
 8.75 -8.035034380838e-03  5
 8.85 -7.414968486675e-03  5
 8.95 -6.844915944040e-03  5
 9.05 -6.317520055769e-03  5
 9.15 -5.837638240880e-03  5
 9.25 -5.395224006059e-03  5
 9.35 -4.990281318547e-03  5
 9.45 -4.620309612297e-03  5
 9.55 -4.280174239829e-03  5
 9.65 -3.967732909500e-03  5
 9.75 -3.682543124930e-03  5
 9.85 -3.422572283023e-03  5
 9.95 -3.175012260436e-03  5
10.05 -2.955007932395e-03  5
10.15 -2.750071313109e-03  5
10.25 -2.557518287148e-03  5
10.35 -2.375064057295e-03  5
10.45 -2.217565679768e-03  5
10.55 -2.067555737164e-03  5
10.65 -1.927549798438e-03  5
10.75 -1.797541087485e-03  5
10.85 -1.682541254125e-03  5
10.95 -1.570000000000e-03  5
11.05 -1.470000000000e-03  5
11.15 -1.372542371591e-03  5
11.25 -1.290000000000e-03  5
11.35 -1.207503635921e-03  5
11.45 -1.130000000000e-03  5
11.55 -1.060000000000e-03  5
11.65 -9.950444376822e-04  5
11.75 -9.300000000000e-04  5
11.85 -8.775286131742e-04  5
11.95 -8.225148990612e-04  5
 0.05  0.000000000000e+00  6
 0.15  0.000000000000e+00  6
 0.25  0.000000000000e+00  6
 0.35  0.000000000000e+00  6
 0.45  0.000000000000e+00  6
 0.55  0.000000000000e+00  6
 0.65  0.000000000000e+00  6
 0.75  0.000000000000e+00  6
 0.85  0.000000000000e+00  6
 0.95  0.000000000000e+00  6
 1.05  0.000000000000e+00  6
 1.15  0.000000000000e+00  6
 1.25  0.000000000000e+00  6
 1.35  0.000000000000e+00  6
 1.45  0.000000000000e+00  6
 1.55  0.000000000000e+00  6
 1.65  0.000000000000e+00  6
 1.75  0.000000000000e+00  6
 1.85  0.000000000000e+00  6
 1.95  0.000000000000e+00  6
 2.05  0.000000000000e+00  6
 2.15  0.000000000000e+00  6
 2.25  0.000000000000e+00  6
 2.35  0.000000000000e+00  6
 2.45  0.000000000000e+00  6
 2.55  0.000000000000e+00  6
 2.65  0.000000000000e+00  6
 2.75  0.000000000000e+00  6
 2.85  0.000000000000e+00  6
 2.95  0.000000000000e+00  6
 3.05  0.000000000000e+00  6
 3.15  9.006340000000e+00  6
 3.25  6.385724285714e+00  6
 3.35  3.751122657201e+00  6
 3.45  2.154643096206e+00  6
 3.55  1.237734855688e+00  6
 3.65  7.234789010989e-01  6
 3.75  4.507150772727e-01  6
 3.85  3.788875943396e-01  6
 3.95  3.551498339170e-01  6
 4.05  3.907681384248e-01  6
 4.15  4.235242253150e-01  6
 4.25  4.511609169160e-01  6
 4.35  4.535762189640e-01  6
 4.45  4.410688061221e-01  6
 4.55  3.861676824022e-01  6
 4.65  3.251871679314e-01  6
 4.75  2.643972735298e-01  6
 4.85  2.159284304225e-01  6
 4.95  1.624816820445e-01  6
 5.05  1.046512193928e-01  6
 5.15  2.816648674020e-02  6
 5.25 -3.897463320025e-02  6
 5.35 -8.979724188085e-02  6
 5.45 -1.196639528332e-01  6
 5.55 -1.321974611185e-01  6
 5.65 -1.333971760536e-01  6
 5.75 -1.285148533922e-01  6
 5.85 -1.200877692007e-01  6
 5.95 -1.104470991186e-01  6
 6.05 -1.009709318697e-01  6
 6.15 -9.188584222053e-02  6
 6.25 -8.359212943141e-02  6
 6.35 -7.609481108312e-02  6
 6.45 -6.878048389987e-02  6
 6.55 -6.166184568835e-02  6
 6.65 -5.453772519441e-02  6
 6.75 -4.775845327301e-02  6
 6.85 -4.226175317467e-02  6
 6.95 -3.828282473783e-02  6
 7.05 -3.535607131458e-02  6
 7.15 -3.277478750545e-02  6
 7.25 -3.049370428221e-02  6
 7.35 -2.817997580562e-02  6
 7.45 -2.600560244687e-02  6
 7.55 -2.395569577883e-02  6
 7.65 -2.198076643412e-02  6
 7.75 -2.009071950764e-02  6
 7.85 -1.837984785908e-02  6
 7.95 -1.674000000000e-02  6
 8.05 -1.525989729251e-02  6
 8.15 -1.389960030608e-02  6
 8.25 -1.265943242476e-02  6
 8.35 -1.152446600343e-02  6
 8.45 -1.053929053989e-02  6
 8.55 -9.634122044506e-03  6
 8.65 -8.799729668305e-03  6
 8.75 -8.054808486443e-03  6
 8.85 -7.390000000000e-03  6
 8.95 -6.785041066179e-03  6
 9.05 -6.250076607151e-03  6
 9.15 -5.770177953439e-03  6
 9.25 -5.325263318719e-03  6
 9.35 -4.925255476388e-03  6
 9.45 -4.555242132043e-03  6
 9.55 -4.230130866074e-03  6
 9.65 -3.920123843950e-03  6
 9.75 -3.640149280707e-03  6
 9.85 -3.385069072064e-03  6
 9.95 -3.145003024315e-03  6
10.05 -2.929928410513e-03  6
10.15 -2.724968269431e-03  6
10.25 -2.534933982836e-03  6
10.35 -2.364932907649e-03  6
10.45 -2.200000000000e-03  6
10.55 -2.050000000000e-03  6
10.65 -1.915078060120e-03  6
10.75 -1.790000000000e-03  6
10.85 -1.670000000000e-03  6
10.95 -1.560000000000e-03  6
11.05 -1.460000000000e-03  6
11.15 -1.370000000000e-03  6
11.25 -1.280000000000e-03  6
11.35 -1.200000000000e-03  6
11.45 -1.120000000000e-03  6
11.55 -1.050000000000e-03  6
11.65 -9.849823588234e-04  6
11.75 -9.200000000000e-04  6
11.85 -8.700000000000e-04  6
11.95 -8.100000000000e-04  6
 0.05  0.000000000000e+00  7
 0.15  0.000000000000e+00  7
 0.25  0.000000000000e+00  7
 0.35  0.000000000000e+00  7
 0.45  0.000000000000e+00  7
 0.55  0.000000000000e+00  7
 0.65  0.000000000000e+00  7
 0.75  0.000000000000e+00  7
 0.85  0.000000000000e+00  7
 0.95  0.000000000000e+00  7
 1.05  0.000000000000e+00  7
 1.15  0.000000000000e+00  7
 1.25  0.000000000000e+00  7
 1.35  0.000000000000e+00  7
 1.45  0.000000000000e+00  7
 1.55  0.000000000000e+00  7
 1.65  0.000000000000e+00  7
 1.75  0.000000000000e+00  7
 1.85  0.000000000000e+00  7
 1.95  0.000000000000e+00  7
 2.05  0.000000000000e+00  7
 2.15  0.000000000000e+00  7
 2.25  0.000000000000e+00  7
 2.35  0.000000000000e+00  7
 2.45  0.000000000000e+00  7
 2.55  0.000000000000e+00  7
 2.65  0.000000000000e+00  7
 2.75  0.000000000000e+00  7
 2.85  0.000000000000e+00  7
 2.95  0.000000000000e+00  7
 3.05  0.000000000000e+00  7
 3.15  8.425164545455e+00  7
 3.25  5.787489161677e+00  7
 3.35  3.508495968379e+00  7
 3.45  2.024388724021e+00  7
 3.55  1.221909148233e+00  7
 3.65  7.717208242045e-01  7
 3.75  5.696894114590e-01  7
 3.85  5.009172920461e-01  7
 3.95  4.793186356164e-01  7
 4.05  4.716552156285e-01  7
 4.15  4.761527584213e-01  7
 4.25  4.744817488324e-01  7
 4.35  4.431303899358e-01  7
 4.45  3.898760909535e-01  7
 4.55  3.306182682171e-01  7
 4.65  2.712598678636e-01  7
 4.75  2.092753492078e-01  7
 4.85  1.506745718969e-01  7
 4.95  1.215481813501e-01  7
 5.05  6.317375887983e-02  7
 5.15  6.261078293149e-03  7
 5.25 -5.144462871708e-02  7
 5.35 -9.540031813607e-02  7
 5.45 -1.235534865020e-01  7
 5.55 -1.378292421633e-01  7
 5.65 -1.407968829209e-01  7
 5.75 -1.374201688970e-01  7
 5.85 -1.304090789842e-01  7
 5.95 -1.211166841465e-01  7
 6.05 -1.114206954930e-01  7
 6.15 -1.014957446108e-01  7
 6.25 -9.186564768634e-02  7
 6.35 -8.297499563500e-02  7
 6.45 -7.476485964588e-02  7
 6.55 -6.744448780068e-02  7
 6.65 -6.056465780882e-02  7
 6.75 -5.469422050927e-02  7
 6.85 -4.936881457291e-02  7
 6.95 -4.454668981689e-02  7
 7.05 -4.030361637200e-02  7
 7.15 -3.646372806740e-02  7
 7.25 -3.304786279601e-02  7
 7.35 -2.998145293480e-02  7
 7.45 -2.713073551477e-02  7
 7.55 -2.450660477130e-02  7
 7.65 -2.203542678930e-02  7
 7.75 -1.978598705227e-02  7
 7.85 -1.760863045355e-02  7
 7.95 -1.567011758418e-02  7
 8.05 -1.409001420196e-02  7
 8.15 -1.279458534699e-02  7
 8.25 -1.175960834181e-02  7
 8.35 -1.086975850838e-02  7
 8.45 -1.003985201493e-02  7
 8.55 -9.274982178285e-03  7
 8.65 -8.554987438892e-03  7
 8.75 -7.894951436154e-03  7
 8.85 -7.289990140539e-03  7
 8.95 -6.720003062318e-03  7
 9.05 -6.205041387085e-03  7
 9.15 -5.730035315232e-03  7
 9.25 -5.295022002879e-03  7
 9.35 -4.895037129454e-03  7
 9.45 -4.525057055022e-03  7
 9.55 -4.190000000000e-03  7
 9.65 -3.885048443330e-03  7
 9.75 -3.605044456653e-03  7
 9.85 -3.335044013110e-03  7
 9.95 -3.095100650382e-03  7
10.05 -2.870076957183e-03  7
10.15 -2.665063581915e-03  7
10.25 -2.475056346132e-03  7
10.35 -2.295057066130e-03  7
10.45 -2.130005182716e-03  7
10.55 -1.985017274790e-03  7
10.65 -1.850000000000e-03  7
10.75 -1.730000000000e-03  7
10.85 -1.625015331630e-03  7
10.95 -1.530000000000e-03  7
11.05 -1.440000000000e-03  7
11.15 -1.350000000000e-03  7
11.25 -1.270000000000e-03  7
11.35 -1.190000000000e-03  7
11.45 -1.120000000000e-03  7
11.55 -1.050000000000e-03  7
11.65 -9.900000000000e-04  7
11.75 -9.300000000000e-04  7
11.85 -8.750846282770e-04  7
11.95 -8.200000000000e-04  7
 0.05  0.000000000000e+00  8
 0.15  0.000000000000e+00  8
 0.25  0.000000000000e+00  8
 0.35  0.000000000000e+00  8
 0.45  0.000000000000e+00  8
 0.55  0.000000000000e+00  8
 0.65  0.000000000000e+00  8
 0.75  0.000000000000e+00  8
 0.85  0.000000000000e+00  8
 0.95  0.000000000000e+00  8
 1.05  0.000000000000e+00  8
 1.15  0.000000000000e+00  8
 1.25  0.000000000000e+00  8
 1.35  0.000000000000e+00  8
 1.45  0.000000000000e+00  8
 1.55  0.000000000000e+00  8
 1.65  0.000000000000e+00  8
 1.75  0.000000000000e+00  8
 1.85  0.000000000000e+00  8
 1.95  0.000000000000e+00  8
 2.05  0.000000000000e+00  8
 2.15  0.000000000000e+00  8
 2.25  0.000000000000e+00  8
 2.35  0.000000000000e+00  8
 2.45  0.000000000000e+00  8
 2.55  0.000000000000e+00  8
 2.65  0.000000000000e+00  8
 2.75  0.000000000000e+00  8
 2.85  0.000000000000e+00  8
 2.95  0.000000000000e+00  8
 3.05  0.000000000000e+00  8
 3.15  9.282347692308e+00  8
 3.25  6.025923798883e+00  8
 3.35  3.695152513782e+00  8
 3.45  2.138348133227e+00  8
 3.55  1.237991431452e+00  8
 3.65  7.489254170854e-01  8
 3.75  5.094845188321e-01  8
 3.85  4.627732653578e-01  8
 3.95  4.485708041376e-01  8
 4.05  4.447576688258e-01  8
 4.15  4.207228358472e-01  8
 4.25  3.961546016478e-01  8
 4.35  3.509135073896e-01  8
 4.45  3.093446741849e-01  8
 4.55  2.533431146986e-01  8
 4.65  1.897835482005e-01  8
 4.75  1.225053641812e-01  8
 4.85  5.976684972363e-02  8
 4.95  6.965959773105e-03  8
 5.05 -3.796085973063e-02  8
 5.15 -7.556484324889e-02  8
 5.25 -1.076165176594e-01  8
 5.35 -1.284047674184e-01  8
 5.45 -1.412521469003e-01  8
 5.55 -1.467986702014e-01  8
 5.65 -1.463160175118e-01  8
 5.75 -1.414658214664e-01  8
 5.85 -1.339715406219e-01  8
 5.95 -1.249423137696e-01  8
 6.05 -1.153902661258e-01  8
 6.15 -1.058435832613e-01  8
 6.25 -9.671942015807e-02  8
 6.35 -8.778808952750e-02  8
 6.45 -7.936252010388e-02  8
 6.55 -7.181964427166e-02  8
 6.65 -6.470406642696e-02  8
 6.75 -5.818684484580e-02  8
 6.85 -5.225424687703e-02  8
 6.95 -4.681974034599e-02  8
 7.05 -4.197059827418e-02  8
 7.15 -3.751100004098e-02  8
 7.25 -3.365973412922e-02  8
 7.35 -3.019828988433e-02  8
 7.45 -2.709484856401e-02  8
 7.55 -2.432434390584e-02  8
 7.65 -2.189088962001e-02  8
 7.75 -1.968134712632e-02  8
 7.85 -1.773947697030e-02  8
 7.95 -1.599481465407e-02  8
 8.05 -1.444067151489e-02  8
 8.15 -1.312680561831e-02  8
 8.25 -1.196481270449e-02  8
 8.35 -1.096738795197e-02  8
 8.45 -1.009727140113e-02  8
 8.55 -9.314707226499e-03  8
 8.65 -8.579923769037e-03  8
 8.75 -7.904536945653e-03  8
 8.85 -7.274460735188e-03  8
 8.95 -6.686684221362e-03  8
 9.05 -6.131759612376e-03  8
 9.15 -5.612291425578e-03  8
 9.25 -5.134978223662e-03  8
 9.35 -4.714762470917e-03  8
 9.45 -4.364642606606e-03  8
 9.55 -4.047293962197e-03  8
 9.65 -3.767505960791e-03  8
 9.75 -3.512501110067e-03  8
 9.85 -3.277504497553e-03  8
 9.95 -3.049982610126e-03  8
10.05 -2.847474081874e-03  8
10.15 -2.652477278394e-03  8
10.25 -2.464884312453e-03  8
10.35 -2.289948280178e-03  8
10.45 -2.129994023011e-03  8
10.55 -1.982511460199e-03  8
10.65 -1.857449995357e-03  8
10.75 -1.740000000000e-03  8
10.85 -1.632467933114e-03  8
10.95 -1.530000000000e-03  8
11.05 -1.440000000000e-03  8
11.15 -1.350000000000e-03  8
11.25 -1.270000000000e-03  8
11.35 -1.190000000000e-03  8
11.45 -1.120000000000e-03  8
11.55 -1.050000000000e-03  8
11.65 -9.900000000000e-04  8
11.75 -9.300000000000e-04  8
11.85 -8.750090223022e-04  8
11.95 -8.250197116988e-04  8
 0.05  0.000000000000e+00  9
 0.15  0.000000000000e+00  9
 0.25  0.000000000000e+00  9
 0.35  0.000000000000e+00  9
 0.45  0.000000000000e+00  9
 0.55  0.000000000000e+00  9
 0.65  0.000000000000e+00  9
 0.75  0.000000000000e+00  9
 0.85  0.000000000000e+00  9
 0.95  0.000000000000e+00  9
 1.05  0.000000000000e+00  9
 1.15  0.000000000000e+00  9
 1.25  0.000000000000e+00  9
 1.35  0.000000000000e+00  9
 1.45  0.000000000000e+00  9
 1.55  0.000000000000e+00  9
 1.65  0.000000000000e+00  9
 1.75  0.000000000000e+00  9
 1.85  0.000000000000e+00  9
 1.95  0.000000000000e+00  9
 2.05  0.000000000000e+00  9
 2.15  0.000000000000e+00  9
 2.25  0.000000000000e+00  9
 2.35  0.000000000000e+00  9
 2.45  0.000000000000e+00  9
 2.55  0.000000000000e+00  9
 2.65  0.000000000000e+00  9
 2.75  0.000000000000e+00  9
 2.85  0.000000000000e+00  9
 2.95  3.261243000000e+01  9
 3.05  9.752638571429e+00  9
 3.15  8.146869924242e+00  9
 3.25  5.301189826464e+00  9
 3.35  3.559452510223e+00  9
 3.45  2.306858722759e+00  9
 3.55  1.544090052648e+00  9
 3.65  1.138466646451e+00  9
 3.75  9.050172635302e-01  9
 3.85  7.903705131411e-01  9
 3.95  6.757381047095e-01  9
 4.05  6.039410024552e-01  9
 4.15  5.411979421622e-01  9
 4.25  4.721728194044e-01  9
 4.35  3.997954435146e-01  9
 4.45  3.219441540022e-01  9
 4.55  2.568572410700e-01  9
 4.65  2.063659943860e-01  9
 4.75  1.755267675387e-01  9
 4.85  1.471731364698e-01  9
 4.95  1.177655712123e-01  9
 5.05  7.049874259644e-02  9
 5.15  1.339790373424e-02  9
 5.25 -4.234106400965e-02  9
 5.35 -8.707754942236e-02  9
 5.45 -1.140067049174e-01  9
 5.55 -1.287980246882e-01  9
 5.65 -1.329819360509e-01  9
 5.75 -1.303030692668e-01  9
 5.85 -1.241451590711e-01  9
 5.95 -1.163397506576e-01  9
 6.05 -1.083873256136e-01  9
 6.15 -1.000993002064e-01  9
 6.25 -9.172503440810e-02  9
 6.35 -8.352102904671e-02  9
 6.45 -7.576965305271e-02  9
 6.55 -6.834426539557e-02  9
 6.65 -6.134262128425e-02  9
 6.75 -5.504236326688e-02  9
 6.85 -4.924421794754e-02  9
 6.95 -4.409578877406e-02  9
 7.05 -3.957196133494e-02  9
 7.15 -3.552043575819e-02  9
 7.25 -3.199123253364e-02  9
 7.35 -2.885652046769e-02  9
 7.45 -2.608527162566e-02  9
 7.55 -2.359228898332e-02  9
 7.65 -2.136089182166e-02  9
 7.75 -1.939403292818e-02  9
 7.85 -1.759127897177e-02  9
 7.95 -1.600417297336e-02  9
 8.05 -1.454248623578e-02  9
 8.15 -1.323420021714e-02  9
 8.25 -1.198694287865e-02  9
 8.35 -1.083798779781e-02  9
 8.45 -9.800344945233e-03  9
 8.55 -8.958369253221e-03  9
 8.65 -8.265368066416e-03  9
 8.75 -7.685321075090e-03  9
 8.85 -7.160445275744e-03  9
 8.95 -6.662874028177e-03  9
 9.05 -6.185175678843e-03  9
 9.15 -5.742710913918e-03  9
 9.25 -5.322702431248e-03  9
 9.35 -4.932749663588e-03  9
 9.45 -4.575139264169e-03  9
 9.55 -4.245134400375e-03  9
 9.65 -3.935167521384e-03  9
 9.75 -3.660012601027e-03  9
 9.85 -3.397538617712e-03  9
 9.95 -3.162600833269e-03  9
10.05 -2.940132911301e-03  9
10.15 -2.737562115343e-03  9
10.25 -2.547580520174e-03  9
10.35 -2.372507688449e-03  9
10.45 -2.212559819451e-03  9
10.55 -2.062526316666e-03  9
10.65 -1.922483866832e-03  9
10.75 -1.794978235113e-03  9
10.85 -1.674967788163e-03  9
10.95 -1.564947449187e-03  9
11.05 -1.464945892580e-03  9
11.15 -1.372489040784e-03  9
11.25 -1.282496671798e-03  9
11.35 -1.200000000000e-03  9
11.45 -1.125043645520e-03  9
11.55 -1.055051793168e-03  9
11.65 -9.900000000000e-04  9
11.75 -9.300000000000e-04  9
11.85 -8.750478894148e-04  9
11.95 -8.225212693396e-04  9
 0.05  0.000000000000e+00 10
 0.15  0.000000000000e+00 10
 0.25  0.000000000000e+00 10
 0.35  0.000000000000e+00 10
 0.45  0.000000000000e+00 10
 0.55  0.000000000000e+00 10
 0.65  0.000000000000e+00 10
 0.75  0.000000000000e+00 10
 0.85  0.000000000000e+00 10
 0.95  0.000000000000e+00 10
 1.05  0.000000000000e+00 10
 1.15  0.000000000000e+00 10
 1.25  0.000000000000e+00 10
 1.35  0.000000000000e+00 10
 1.45  0.000000000000e+00 10
 1.55  0.000000000000e+00 10
 1.65  0.000000000000e+00 10
 1.75  0.000000000000e+00 10
 1.85  0.000000000000e+00 10
 1.95  0.000000000000e+00 10
 2.05  0.000000000000e+00 10
 2.15  0.000000000000e+00 10
 2.25  0.000000000000e+00 10
 2.35  0.000000000000e+00 10
 2.45  0.000000000000e+00 10
 2.55  1.093908250000e+01 10
 2.65  6.645685833333e+00 10
 2.75  4.693823144105e+00 10
 2.85  3.637491712963e+00 10
 2.95  2.861212170051e+00 10
 3.05  2.385596316572e+00 10
 3.15  2.107953426224e+00 10
 3.25  1.860905674931e+00 10
 3.35  1.630380972877e+00 10
 3.45  1.374882062581e+00 10
 3.55  1.158978214310e+00 10
 3.65  9.526992449915e-01 10
 3.75  7.952811015917e-01 10
 3.85  6.778326083330e-01 10
 3.95  5.765344390443e-01 10
 4.05  4.912718736595e-01 10
 4.15  4.119471996397e-01 10
 4.25  3.501086704428e-01 10
 4.35  2.828586573995e-01 10
 4.45  2.027285555643e-01 10
 4.55  1.261383630386e-01 10
 4.65  5.508695527750e-02 10
 4.75  3.661399219978e-03 10
 4.85 -2.888904741413e-02 10
 4.95 -4.691897315427e-02 10
 5.05 -5.584848921790e-02 10
 5.15 -5.854015753608e-02 10
 5.25 -5.793590572904e-02 10
 5.35 -5.540904041746e-02 10
 5.45 -5.182486658487e-02 10
 5.55 -4.775721834980e-02 10
 5.65 -4.361530603609e-02 10
 5.75 -3.942440206629e-02 10
 5.85 -3.536010995843e-02 10
 5.95 -3.152370663673e-02 10
 6.05 -2.809223195307e-02 10
 6.15 -2.486797661219e-02 10
 6.25 -2.202238343086e-02 10
 6.35 -1.943728386673e-02 10
 6.45 -1.714178879455e-02 10
 6.55 -1.515441613553e-02 10
 6.65 -1.338085653520e-02 10
 6.75 -1.185439996207e-02 10
 6.85 -1.049643402181e-02 10
 6.95 -9.331056977291e-03 10
 7.05 -8.321112339769e-03 10
 7.15 -7.408186687787e-03 10
 7.25 -6.625651939289e-03 10
 7.35 -5.942724119636e-03 10
 7.45 -5.340149655474e-03 10
 7.55 -4.819902913021e-03 10
 7.65 -4.359546159053e-03 10
 7.75 -3.967071471895e-03 10
 7.85 -3.612291394384e-03 10
 7.95 -3.294880012577e-03 10
 8.05 -3.009988902852e-03 10
 8.15 -2.749949422641e-03 10
 8.25 -2.507454356992e-03 10
 8.35 -2.299953248830e-03 10
 8.45 -2.099923134926e-03 10
 8.55 -1.924931518783e-03 10
 8.65 -1.764926005285e-03 10
 8.75 -1.614965470508e-03 10
 8.85 -1.484948297714e-03 10
 8.95 -1.364944142457e-03 10
 9.05 -1.254954492497e-03 10
 9.15 -1.154936777278e-03 10
 9.25 -1.062453526316e-03 10
 9.35 -9.800000000000e-04 10
 9.45 -9.050146077805e-04 10
 9.55 -8.349827770677e-04 10
 9.65 -7.749455783765e-04 10
 9.75 -7.174361373805e-04 10
 9.85 -6.674127008869e-04 10
 9.95 -6.173888748023e-04 10
10.05 -5.773600430738e-04 10
10.15 -5.348712178136e-04 10
10.25 -4.948433457790e-04 10
10.35 -4.600000000000e-04 10
10.45 -4.274386114214e-04 10
10.55 -4.000000000000e-04 10
10.65 -3.724798445382e-04 10
10.75 -3.500000000000e-04 10
10.85 -3.300000000000e-04 10
10.95 -3.100000000000e-04 10
11.05 -2.900000000000e-04 10
11.15 -2.700000000000e-04 10
11.25 -2.550177398468e-04 10
11.35 -2.400000000000e-04 10
11.45 -2.225042237417e-04 10
11.55 -2.100000000000e-04 10
11.65 -2.000000000000e-04 10
11.75 -1.874363711249e-04 10
11.85 -1.700000000000e-04 10
11.95 -1.600000000000e-04 10
 0.05  0.000000000000e+00 11
 0.15  0.000000000000e+00 11
 0.25  0.000000000000e+00 11
 0.35  0.000000000000e+00 11
 0.45  0.000000000000e+00 11
 0.55  0.000000000000e+00 11
 0.65  0.000000000000e+00 11
 0.75  0.000000000000e+00 11
 0.85  0.000000000000e+00 11
 0.95  0.000000000000e+00 11
 1.05  0.000000000000e+00 11
 1.15  0.000000000000e+00 11
 1.25  0.000000000000e+00 11
 1.35  0.000000000000e+00 11
 1.45  0.000000000000e+00 11
 1.55  0.000000000000e+00 11
 1.65  0.000000000000e+00 11
 1.75  0.000000000000e+00 11
 1.85  0.000000000000e+00 11
 1.95  0.000000000000e+00 11
 2.05  0.000000000000e+00 11
 2.15  0.000000000000e+00 11
 2.25  0.000000000000e+00 11
 2.35  2.155284000000e+01 11
 2.45  1.457748882353e+01 11
 2.55  1.000626847826e+01 11
 2.65  6.844185423077e+00 11
 2.75  4.785919941674e+00 11
 2.85  3.459842630623e+00 11
 2.95  2.569026516057e+00 11
 3.05  1.993654944474e+00 11
 3.15  1.642283580070e+00 11
 3.25  1.363565127821e+00 11
 3.35  1.194726381075e+00 11
 3.45  1.052476089670e+00 11
 3.55  9.249564980754e-01 11
 3.65  7.959377738903e-01 11
 3.75  6.932353337895e-01 11
 3.85  5.980557813639e-01 11
 3.95  5.221131611015e-01 11
 4.05  4.624216336976e-01 11
 4.15  4.209211383864e-01 11
 4.25  3.888711951294e-01 11
 4.35  3.427905330502e-01 11
 4.45  2.734091168943e-01 11
 4.55  1.786314622159e-01 11
 4.65  9.039500704821e-02 11
 4.75  2.524493917782e-02 11
 4.85 -1.412536199771e-02 11
 4.95 -3.799448740879e-02 11
 5.05 -4.899606096051e-02 11
 5.15 -5.269352201725e-02 11
 5.25 -5.268365430115e-02 11
 5.35 -5.081581470519e-02 11
 5.45 -4.784824715596e-02 11
 5.55 -4.435205430863e-02 11
 5.65 -4.066056178612e-02 11
 5.75 -3.694735006352e-02 11
 5.85 -3.321401175683e-02 11
 5.95 -2.974608115022e-02 11
 6.05 -2.651569294121e-02 11
 6.15 -2.361637157319e-02 11
 6.25 -2.099481858960e-02 11
 6.35 -1.858048991884e-02 11
 6.45 -1.650051569906e-02 11
 6.55 -1.466635623625e-02 11
 6.65 -1.303744048223e-02 11
 6.75 -1.163395354603e-02 11
 6.85 -1.036816923605e-02 11
 6.95 -9.288928979219e-03 11
 7.05 -8.304054838573e-03 11
 7.15 -7.466339208921e-03 11
 7.25 -6.713142767432e-03 11
 7.35 -6.040447015902e-03 11
 7.45 -5.452729276081e-03 11
 7.55 -4.915159397165e-03 11
 7.65 -4.442473842267e-03 11
 7.75 -4.027250406750e-03 11
 7.85 -3.654895553924e-03 11
 7.95 -3.312319795047e-03 11
 8.05 -3.015044057829e-03 11
 8.15 -2.742482838849e-03 11
 8.25 -2.497475865934e-03 11
 8.35 -2.274635483982e-03 11
 8.45 -2.076656514494e-03 11
 8.55 -1.893965341302e-03 11
 8.65 -1.718981528881e-03 11
 8.75 -1.559594471467e-03 11
 8.85 -1.420080346600e-03 11
 8.95 -1.302606918962e-03 11
 9.05 -1.202692391127e-03 11
 9.15 -1.115125608521e-03 11
 9.25 -1.037641147977e-03 11
 9.35 -9.701044415995e-04 11
 9.45 -9.025968993802e-04 11
 9.55 -8.426122709418e-04 11
 9.65 -7.825984521742e-04 11
 9.75 -7.325900237897e-04 11
 9.85 -6.775431138190e-04 11
 9.95 -6.325670413459e-04 11
10.05 -5.875211503300e-04 11
10.15 -5.500000000000e-04 11
10.25 -5.100000000000e-04 11
10.35 -4.749657882515e-04 11
10.45 -4.449441809844e-04 11
10.55 -4.124667056270e-04 11
10.65 -3.874870541325e-04 11
10.75 -3.600000000000e-04 11
10.85 -3.400000000000e-04 11
10.95 -3.174674075758e-04 11
11.05 -2.924293546831e-04 11
11.15 -2.800000000000e-04 11
11.25 -2.600000000000e-04 11
11.35 -2.400000000000e-04 11
11.45 -2.300000000000e-04 11
11.55 -2.100000000000e-04 11
11.65 -2.000000000000e-04 11
11.75 -1.900000000000e-04 11
11.85 -1.800000000000e-04 11
11.95 -1.675169828529e-04 11
 0.05  0.000000000000e+00 12
 0.15  0.000000000000e+00 12
 0.25  0.000000000000e+00 12
 0.35  0.000000000000e+00 12
 0.45  0.000000000000e+00 12
 0.55  0.000000000000e+00 12
 0.65  0.000000000000e+00 12
 0.75  0.000000000000e+00 12
 0.85  0.000000000000e+00 12
 0.95  0.000000000000e+00 12
 1.05  0.000000000000e+00 12
 1.15  0.000000000000e+00 12
 1.25  0.000000000000e+00 12
 1.35  0.000000000000e+00 12
 1.45  0.000000000000e+00 12
 1.55  0.000000000000e+00 12
 1.65  0.000000000000e+00 12
 1.75  0.000000000000e+00 12
 1.85  0.000000000000e+00 12
 1.95  0.000000000000e+00 12
 2.05  0.000000000000e+00 12
 2.15  0.000000000000e+00 12
 2.25  0.000000000000e+00 12
 2.35  0.000000000000e+00 12
 2.45  0.000000000000e+00 12
 2.55  0.000000000000e+00 12
 2.65  0.000000000000e+00 12
 2.75  0.000000000000e+00 12
 2.85  0.000000000000e+00 12
 2.95  0.000000000000e+00 12
 3.05  0.000000000000e+00 12
 3.15  8.453440000000e+00 12
 3.25  6.744395102041e+00 12
 3.35  3.951025400000e+00 12
 3.45  2.234863708173e+00 12
 3.55  1.225073056119e+00 12
 3.65  5.764002030138e-01 12
 3.75  1.902149362036e-01 12
 3.85 -3.081848197571e-02 12
 3.95 -1.476072868511e-01 12
 4.05 -1.998548255065e-01 12
 4.15 -2.140593799237e-01 12
 4.25 -2.070617636682e-01 12
 4.35 -1.864758183267e-01 12
 4.45 -1.665321484657e-01 12
 4.55 -1.471108713682e-01 12
 4.65 -1.331816902518e-01 12
 4.75 -1.244528247014e-01 12
 4.85 -1.246975629343e-01 12
 4.95 -1.268253398838e-01 12
 5.05 -1.301136028557e-01 12
 5.15 -1.340036690561e-01 12
 5.25 -1.370605725036e-01 12
 5.35 -1.376441550813e-01 12
 5.45 -1.348588300292e-01 12
 5.55 -1.295388971880e-01 12
 5.65 -1.224706011849e-01 12
 5.75 -1.144469684230e-01 12
 5.85 -1.062166051418e-01 12
 5.95 -9.807859261403e-02 12
 6.05 -9.005165036563e-02 12
 6.15 -8.232096097068e-02 12
 6.25 -7.545137914845e-02 12
 6.35 -6.923552724746e-02 12
 6.45 -6.376694721512e-02 12
 6.55 -5.887420562940e-02 12
 6.65 -5.442409160145e-02 12
 6.75 -5.002646951916e-02 12
 6.85 -4.595622105037e-02 12
 6.95 -4.206909463299e-02 12
 7.05 -3.855276686111e-02 12
 7.15 -3.524873359514e-02 12
 7.25 -3.220611384219e-02 12
 7.35 -2.935696463625e-02 12
 7.45 -2.674180587356e-02 12
 7.55 -2.428367654373e-02 12
 7.65 -2.206963467815e-02 12
 7.75 -2.007459945524e-02 12
 7.85 -1.821524306412e-02 12
 7.95 -1.655500919548e-02 12
 8.05 -1.503383031875e-02 12
 8.15 -1.367828981832e-02 12
 8.25 -1.245332591951e-02 12
 8.35 -1.136238955091e-02 12
 8.45 -1.038267535306e-02 12
 8.55 -9.505388615077e-03 12
 8.65 -8.710881968113e-03 12
 8.75 -8.003365922761e-03 12
 8.85 -7.348423024307e-03 12
 8.95 -6.775761817393e-03 12
 9.05 -6.247893671813e-03 12
 9.15 -5.760248420283e-03 12
 9.25 -5.325212726119e-03 12
 9.35 -4.922480005500e-03 12
 9.45 -4.560017470625e-03 12
 9.55 -4.217565289905e-03 12
 9.65 -3.915047352408e-03 12
 9.75 -3.637454545455e-03 12
 9.85 -3.380118335312e-03 12
 9.95 -3.142523868989e-03 12
10.05 -2.922526231409e-03 12
10.15 -2.720117604591e-03 12
10.25 -2.532532348470e-03 12
10.35 -2.360096289462e-03 12
10.45 -2.200088576874e-03 12
10.55 -2.052533354666e-03 12
10.65 -1.917531433743e-03 12
10.75 -1.787533841703e-03 12
10.85 -1.675004476689e-03 12
10.95 -1.567499894424e-03 12
11.05 -1.467489197519e-03 12
11.15 -1.370000000000e-03 12
11.25 -1.287470170203e-03 12
11.35 -1.207464083771e-03 12
11.45 -1.130000000000e-03 12
11.55 -1.060000000000e-03 12
11.65 -9.974608301635e-04 12
11.75 -9.400000000000e-04 12
11.85 -8.800000000000e-04 12
11.95 -8.300000000000e-04 12
 0.05  0.000000000000e+00 13
 0.15  0.000000000000e+00 13
 0.25  0.000000000000e+00 13
 0.35  0.000000000000e+00 13
 0.45  0.000000000000e+00 13
 0.55  0.000000000000e+00 13
 0.65  0.000000000000e+00 13
 0.75  0.000000000000e+00 13
 0.85  0.000000000000e+00 13
 0.95  0.000000000000e+00 13
 1.05  0.000000000000e+00 13
 1.15  0.000000000000e+00 13
 1.25  0.000000000000e+00 13
 1.35  0.000000000000e+00 13
 1.45  0.000000000000e+00 13
 1.55  0.000000000000e+00 13
 1.65  0.000000000000e+00 13
 1.75  0.000000000000e+00 13
 1.85  0.000000000000e+00 13
 1.95  0.000000000000e+00 13
 2.05  0.000000000000e+00 13
 2.15  0.000000000000e+00 13
 2.25  0.000000000000e+00 13
 2.35  0.000000000000e+00 13
 2.45  0.000000000000e+00 13
 2.55  0.000000000000e+00 13
 2.65  0.000000000000e+00 13
 2.75  0.000000000000e+00 13
 2.85  0.000000000000e+00 13
 2.95  2.457575000000e+01 13
 3.05  1.373589480000e+01 13
 3.15  8.996691691843e+00 13
 3.25  6.015539746890e+00 13
 3.35  3.788993926859e+00 13
 3.45  2.294363303398e+00 13
 3.55  1.389252297481e+00 13
 3.65  8.468519954777e-01 13
 3.75  5.303028966166e-01 13
 3.85  3.667805484913e-01 13
 3.95  2.774553399578e-01 13
 4.05  2.320491724380e-01 13
 4.15  2.093733253046e-01 13
 4.25  1.906938238459e-01 13
 4.35  1.689107778567e-01 13
 4.45  1.405819129404e-01 13
 4.55  1.178587835293e-01 13
 4.65  9.055627096667e-02 13
 4.75  6.503189632290e-02 13
 4.85  4.428655416246e-02 13
 4.95  1.870680257317e-02 13
 5.05 -1.098352796171e-02 13
 5.15 -4.412372476979e-02 13
 5.25 -7.653916148155e-02 13
 5.35 -1.030436540984e-01 13
 5.45 -1.227434188950e-01 13
 5.55 -1.318535070104e-01 13
 5.65 -1.338133824197e-01 13
 5.75 -1.294825371559e-01 13
 5.85 -1.218021088700e-01 13
 5.95 -1.124543466951e-01 13
 6.05 -1.025291410854e-01 13
 6.15 -9.255599460744e-02 13
 6.25 -8.337911531389e-02 13
 6.35 -7.473039963190e-02 13
 6.45 -6.705872488745e-02 13
 6.55 -6.019006429203e-02 13
 6.65 -5.392356101578e-02 13
 6.75 -4.829131534968e-02 13
 6.85 -4.321276884584e-02 13
 6.95 -3.884255459822e-02 13
 7.05 -3.490600755553e-02 13
 7.15 -3.158099702942e-02 13
 7.25 -2.861590939461e-02 13
 7.35 -2.616465953118e-02 13
 7.45 -2.395279833212e-02 13
 7.55 -2.198622864356e-02 13
 7.65 -2.020556168614e-02 13
 7.75 -1.856432310311e-02 13
 7.85 -1.706038074563e-02 13
 7.95 -1.567376328214e-02 13
 8.05 -1.439487836955e-02 13
 8.15 -1.322115941989e-02 13
 8.25 -1.215477862929e-02 13
 8.35 -1.116932515953e-02 13
 8.45 -1.026828218924e-02 13
 8.55 -9.454294665747e-03 13
 8.65 -8.699518680197e-03 13
 8.75 -8.014333170527e-03 13
 8.85 -7.394229044863e-03 13
 8.95 -6.823796602073e-03 13
 9.05 -6.303397709889e-03 13
 9.15 -5.820550825836e-03 13
 9.25 -5.385252535179e-03 13
 9.35 -4.979952383997e-03 13
 9.45 -4.604904735905e-03 13
 9.55 -4.264925141712e-03 13
 9.65 -3.952458875368e-03 13
 9.75 -3.660019266197e-03 13
 9.85 -3.395070542801e-03 13
 9.95 -3.150095230093e-03 13
10.05 -2.927610952717e-03 13
10.15 -2.720120701536e-03 13
10.25 -2.532707752502e-03 13
10.35 -2.360111853472e-03 13
10.45 -2.192531654210e-03 13
10.55 -2.045079236370e-03 13
10.65 -1.907516101042e-03 13
10.75 -1.785071197294e-03 13
10.85 -1.665072125690e-03 13
10.95 -1.557507565394e-03 13
11.05 -1.457531939506e-03 13
11.15 -1.365041145608e-03 13
11.25 -1.280000000000e-03 13
11.35 -1.200000000000e-03 13
11.45 -1.127525383022e-03 13
11.55 -1.060000000000e-03 13
11.65 -9.925213318449e-04 13
11.75 -9.325316780068e-04 13
11.85 -8.800000000000e-04 13
11.95 -8.300000000000e-04 13
 0.05  0.000000000000e+00 14
 0.15  0.000000000000e+00 14
 0.25  0.000000000000e+00 14
 0.35  0.000000000000e+00 14
 0.45  0.000000000000e+00 14
 0.55  0.000000000000e+00 14
 0.65  0.000000000000e+00 14
 0.75  0.000000000000e+00 14
 0.85  0.000000000000e+00 14
 0.95  0.000000000000e+00 14
 1.05  0.000000000000e+00 14
 1.15  0.000000000000e+00 14
 1.25  0.000000000000e+00 14
 1.35  0.000000000000e+00 14
 1.45  0.000000000000e+00 14
 1.55  0.000000000000e+00 14
 1.65  0.000000000000e+00 14
 1.75  0.000000000000e+00 14
 1.85  0.000000000000e+00 14
 1.95  0.000000000000e+00 14
 2.05  0.000000000000e+00 14
 2.15  0.000000000000e+00 14
 2.25  0.000000000000e+00 14
 2.35  0.000000000000e+00 14
 2.45  0.000000000000e+00 14
 2.55  0.000000000000e+00 14
 2.65  0.000000000000e+00 14
 2.75  0.000000000000e+00 14
 2.85  0.000000000000e+00 14
 2.95  0.000000000000e+00 14
 3.05  0.000000000000e+00 14
 3.15  0.000000000000e+00 14
 3.25  6.962260000000e+00 14
 3.35  2.875896666667e+00 14
 3.45  2.009753529412e+00 14
 3.55  1.080137408638e+00 14
 3.65  4.628001960784e-01 14
 3.75  1.477756605065e-01 14
 3.85 -3.350950112593e-02 14
 3.95 -1.223551269191e-01 14
 4.05 -1.659138731779e-01 14
 4.15 -1.848172157058e-01 14
 4.25 -2.007564770173e-01 14
 4.35 -2.096336433135e-01 14
 4.45 -2.137601418862e-01 14
 4.55 -2.125465058576e-01 14
 4.65 -2.108447034145e-01 14
 4.75 -2.079474976186e-01 14
 4.85 -2.027593930480e-01 14
 4.95 -1.956305852926e-01 14
 5.05 -1.871994919761e-01 14
 5.15 -1.778902135762e-01 14
 5.25 -1.693116793166e-01 14
 5.35 -1.632137408814e-01 14
 5.45 -1.591492961747e-01 14
 5.55 -1.554874880259e-01 14
 5.65 -1.509175853065e-01 14
 5.75 -1.446322480533e-01 14
 5.85 -1.373090878864e-01 14
 5.95 -1.292756507576e-01 14
 6.05 -1.208596912750e-01 14
 6.15 -1.122149039911e-01 14
 6.25 -1.039250643798e-01 14
 6.35 -9.548807499519e-02 14
 6.45 -8.755146080065e-02 14
 6.55 -7.982258917891e-02 14
 6.65 -7.227426353462e-02 14
 6.75 -6.479306199569e-02 14
 6.85 -5.763465619048e-02 14
 6.95 -5.099448286364e-02 14
 7.05 -4.509630616432e-02 14
 7.15 -3.999382537894e-02 14
 7.25 -3.571680523738e-02 14
 7.35 -3.188715221303e-02 14
 7.45 -2.854197177382e-02 14
 7.55 -2.560993002256e-02 14
 7.65 -2.304663714775e-02 14
 7.75 -2.074436094672e-02 14
 7.85 -1.882080599837e-02 14
 7.95 -1.710756796554e-02 14
 8.05 -1.562386007421e-02 14
 8.15 -1.430471948840e-02 14
 8.25 -1.315558642978e-02 14
 8.35 -1.211105036662e-02 14
 8.45 -1.116857805421e-02 14
 8.55 -1.031333664697e-02 14
 8.65 -9.533042214225e-03 14
 8.75 -8.820600984942e-03 14
 8.85 -8.159852613984e-03 14
 8.95 -7.557042297747e-03 14
 9.05 -6.999662613640e-03 14
 9.15 -6.477341384184e-03 14
 9.25 -5.999972398722e-03 14
 9.35 -5.562518773281e-03 14
 9.45 -5.157571572749e-03 14
 9.55 -4.777576367964e-03 14
 9.65 -4.430219918543e-03 14
 9.75 -4.110013110956e-03 14
 9.85 -3.817518053952e-03 14
 9.95 -3.547501736911e-03 14
10.05 -3.305021449403e-03 14
10.15 -3.075028016486e-03 14
10.25 -2.862510089034e-03 14
10.35 -2.670032737689e-03 14
10.45 -2.490000770656e-03 14
10.55 -2.324999556903e-03 14
10.65 -2.172524407143e-03 14
10.75 -2.034978993279e-03 14
10.85 -1.897499958146e-03 14
10.95 -1.777503540533e-03 14
11.05 -1.664966711586e-03 14
11.15 -1.557480080003e-03 14
11.25 -1.457471639307e-03 14
11.35 -1.367488929371e-03 14
11.45 -1.284984585918e-03 14
11.55 -1.204982417113e-03 14
11.65 -1.130000000000e-03 14
11.75 -1.060000000000e-03 14
11.85 -1.000000000000e-03 14
11.95 -9.400000000000e-04 14
 0.05  0.000000000000e+00 15
 0.15  0.000000000000e+00 15
 0.25  0.000000000000e+00 15
 0.35  0.000000000000e+00 15
 0.45  0.000000000000e+00 15
 0.55  0.000000000000e+00 15
 0.65  0.000000000000e+00 15
 0.75  0.000000000000e+00 15
 0.85  0.000000000000e+00 15
 0.95  0.000000000000e+00 15
 1.05  0.000000000000e+00 15
 1.15  0.000000000000e+00 15
 1.25  0.000000000000e+00 15
 1.35  0.000000000000e+00 15
 1.45  0.000000000000e+00 15
 1.55  0.000000000000e+00 15
 1.65  0.000000000000e+00 15
 1.75  0.000000000000e+00 15
 1.85  0.000000000000e+00 15
 1.95  0.000000000000e+00 15
 2.05  0.000000000000e+00 15
 2.15  0.000000000000e+00 15
 2.25  0.000000000000e+00 15
 2.35  0.000000000000e+00 15
 2.45  0.000000000000e+00 15
 2.55  0.000000000000e+00 15
 2.65  0.000000000000e+00 15
 2.75  0.000000000000e+00 15
 2.85  0.000000000000e+00 15
 2.95  0.000000000000e+00 15
 3.05  0.000000000000e+00 15
 3.15  0.000000000000e+00 15
 3.25  0.000000000000e+00 15
 3.35  0.000000000000e+00 15
 3.45  3.013060000000e+00 15
 3.55  1.694416000000e+00 15
 3.65  7.070470977918e-01 15
 3.75  2.275945621019e-01 15
 3.85 -3.928659425368e-02 15
 3.95 -1.842272189271e-01 15
 4.05 -2.560301398903e-01 15
 4.15 -2.832733901206e-01 15
 4.25 -2.847706759628e-01 15
 4.35 -2.720055148702e-01 15
 4.45 -2.494002990688e-01 15
 4.55 -2.262941637395e-01 15
 4.65 -2.043758041550e-01 15
 4.75 -1.859092497887e-01 15
 4.85 -1.690916781151e-01 15
 4.95 -1.539261629772e-01 15
 5.05 -1.391261443560e-01 15
 5.15 -1.293655726660e-01 15
 5.25 -1.242743747471e-01 15
 5.35 -1.187034617188e-01 15
 5.45 -1.124853322836e-01 15
 5.55 -1.048761620623e-01 15
 5.65 -9.774613049692e-02 15
 5.75 -9.101945477183e-02 15
 5.85 -8.466595972436e-02 15
 5.95 -7.891866966876e-02 15
 6.05 -7.381314867016e-02 15
 6.15 -6.912660653934e-02 15
 6.25 -6.464486822321e-02 15
 6.35 -6.079805129367e-02 15
 6.45 -5.734058914342e-02 15
 6.55 -5.414155653513e-02 15
 6.65 -5.100084997917e-02 15
 6.75 -4.783017961774e-02 15
 6.85 -4.453168960355e-02 15
 6.95 -4.131871777524e-02 15
 7.05 -3.815410078964e-02 15
 7.15 -3.520162257674e-02 15
 7.25 -3.235749166362e-02 15
 7.35 -2.973363936408e-02 15
 7.45 -2.726231566607e-02 15
 7.55 -2.498607394880e-02 15
 7.65 -2.287027540155e-02 15
 7.75 -2.085212492233e-02 15
 7.85 -1.899412709837e-02 15
 7.95 -1.726547902229e-02 15
 8.05 -1.569880523749e-02 15
 8.15 -1.426060939160e-02 15
 8.25 -1.296970954171e-02 15
 8.35 -1.179452484026e-02 15
 8.45 -1.075379123786e-02 15
 8.55 -9.809164246458e-03 15
 8.65 -8.974225394846e-03 15
 8.75 -8.199425169002e-03 15
 8.85 -7.504134850791e-03 15
 8.95 -6.874810151357e-03 15
 9.05 -6.315183171576e-03 15
 9.15 -5.795552750979e-03 15
 9.25 -5.330371248737e-03 15
 9.35 -4.920353040434e-03 15
 9.45 -4.550546933294e-03 15
 9.55 -4.205424835125e-03 15
 9.65 -3.895369121674e-03 15
 9.75 -3.615252942408e-03 15
 9.85 -3.350190356509e-03 15
 9.95 -3.120091381669e-03 15
10.05 -2.900113917557e-03 15
10.15 -2.700064668487e-03 15
10.25 -2.515045285349e-03 15
10.35 -2.345020001915e-03 15
10.45 -2.184995738109e-03 15
10.55 -2.044973077710e-03 15
10.65 -1.910000000000e-03 15
10.75 -1.790000000000e-03 15
10.85 -1.670000000000e-03 15
10.95 -1.560000000000e-03 15
11.05 -1.470000000000e-03 15
11.15 -1.370000000000e-03 15
11.25 -1.290000000000e-03 15
11.35 -1.210000000000e-03 15
11.45 -1.130000000000e-03 15
11.55 -1.060000000000e-03 15
11.65 -1.000000000000e-03 15
11.75 -9.400000000000e-04 15
11.85 -8.800000000000e-04 15
11.95 -8.300000000000e-04 15
 0.05  0.000000000000e+00 16
 0.15  0.000000000000e+00 16
 0.25  0.000000000000e+00 16
 0.35  0.000000000000e+00 16
 0.45  0.000000000000e+00 16
 0.55  0.000000000000e+00 16
 0.65  0.000000000000e+00 16
 0.75  0.000000000000e+00 16
 0.85  0.000000000000e+00 16
 0.95  0.000000000000e+00 16
 1.05  0.000000000000e+00 16
 1.15  0.000000000000e+00 16
 1.25  0.000000000000e+00 16
 1.35  0.000000000000e+00 16
 1.45  0.000000000000e+00 16
 1.55  0.000000000000e+00 16
 1.65  0.000000000000e+00 16
 1.75  0.000000000000e+00 16
 1.85  0.000000000000e+00 16
 1.95  0.000000000000e+00 16
 2.05  0.000000000000e+00 16
 2.15  0.000000000000e+00 16
 2.25  0.000000000000e+00 16
 2.35  0.000000000000e+00 16
 2.45  0.000000000000e+00 16
 2.55  0.000000000000e+00 16
 2.65  0.000000000000e+00 16
 2.75  0.000000000000e+00 16
 2.85  0.000000000000e+00 16
 2.95  1.753228000000e+01 16
 3.05  1.268865000000e+01 16
 3.15  8.652139906542e+00 16
 3.25  5.893540330518e+00 16
 3.35  3.708306636353e+00 16
 3.45  2.270492692644e+00 16
 3.55  1.416439638408e+00 16
 3.65  9.262793199079e-01 16
 3.75  6.430696899572e-01 16
 3.85  4.998776604058e-01 16
 3.95  4.052451645341e-01 16
 4.05  3.674078750719e-01 16
 4.15  3.323451526036e-01 16
 4.25  2.937065073688e-01 16
 4.35  2.547263343502e-01 16
 4.45  2.088158550196e-01 16
 4.55  1.491562076003e-01 16
 4.65  1.112406225681e-01 16
 4.75  9.062031363199e-02 16
 4.85  7.207728944422e-02 16
 4.95  4.721379841443e-02 16
 5.05  1.761188373222e-02 16
 5.15 -1.851919444595e-02 16
 5.25 -5.742628419392e-02 16
 5.35 -9.065018524174e-02 16
 5.45 -1.158746962183e-01 16
 5.55 -1.305962968017e-01 16
 5.65 -1.357907008001e-01 16
 5.75 -1.345146223473e-01 16
 5.85 -1.287662553590e-01 16
 5.95 -1.202386469175e-01 16
 6.05 -1.104491128797e-01 16
 6.15 -1.004330974637e-01 16
 6.25 -9.035377538570e-02 16
 6.35 -8.087469019952e-02 16
 6.45 -7.174745962029e-02 16
 6.55 -6.334141475884e-02 16
 6.65 -5.581488826098e-02 16
 6.75 -4.910861701655e-02 16
 6.85 -4.315591525495e-02 16
 6.95 -3.836313429875e-02 16
 7.05 -3.420709495116e-02 16
 7.15 -3.055815405980e-02 16
 7.25 -2.751680725958e-02 16
 7.35 -2.504079735948e-02 16
 7.45 -2.282185024417e-02 16
 7.55 -2.090166855964e-02 16
 7.65 -1.913734231493e-02 16
 7.75 -1.757278068237e-02 16
 7.85 -1.617162168954e-02 16
 7.95 -1.490272764401e-02 16
 8.05 -1.374000000000e-02 16
 8.15 -1.264611999367e-02 16
 8.25 -1.165372874813e-02 16
 8.35 -1.076362667575e-02 16
 8.45 -9.933234299134e-03 16
 8.55 -9.212686027353e-03 16
 8.65 -8.542277284557e-03 16
 8.75 -7.926495139649e-03 16
 8.85 -7.360978108989e-03 16
 8.95 -6.830268603192e-03 16
 9.05 -6.334506374159e-03 16
 9.15 -5.859124191865e-03 16
 9.25 -5.434179221870e-03 16
 9.35 -5.034412714614e-03 16
 9.45 -4.654609656143e-03 16
 9.55 -4.319691052259e-03 16
 9.65 -4.000000000000e-03 16
 9.75 -3.710000000000e-03 16
 9.85 -3.445167400602e-03 16
 9.95 -3.190318078160e-03 16
10.05 -2.960313214092e-03 16
10.15 -2.750334316581e-03 16
10.25 -2.550312275307e-03 16
10.35 -2.370232232526e-03 16
10.45 -2.200222399565e-03 16
10.55 -2.050169559734e-03 16
10.65 -1.910143664542e-03 16
10.75 -1.785055180602e-03 16
10.85 -1.665029379304e-03 16
10.95 -1.555021025170e-03 16
11.05 -1.450000000000e-03 16
11.15 -1.360000000000e-03 16
11.25 -1.274959259957e-03 16
11.35 -1.190000000000e-03 16
11.45 -1.120000000000e-03 16
11.55 -1.050000000000e-03 16
11.65 -9.900000000000e-04 16
11.75 -9.300000000000e-04 16
11.85 -8.750836072985e-04 16
11.95 -8.250823536767e-04 16
 0.05  0.000000000000e+00 17
 0.15  0.000000000000e+00 17
 0.25  0.000000000000e+00 17
 0.35  0.000000000000e+00 17
 0.45  0.000000000000e+00 17
 0.55  0.000000000000e+00 17
 0.65  0.000000000000e+00 17
 0.75  0.000000000000e+00 17
 0.85  0.000000000000e+00 17
 0.95  0.000000000000e+00 17
 1.05  0.000000000000e+00 17
 1.15  0.000000000000e+00 17
 1.25  0.000000000000e+00 17
 1.35  0.000000000000e+00 17
 1.45  0.000000000000e+00 17
 1.55  0.000000000000e+00 17
 1.65  0.000000000000e+00 17
 1.75  0.000000000000e+00 17
 1.85  0.000000000000e+00 17
 1.95  0.000000000000e+00 17
 2.05  0.000000000000e+00 17
 2.15  0.000000000000e+00 17
 2.25  0.000000000000e+00 17
 2.35  0.000000000000e+00 17
 2.45  0.000000000000e+00 17
 2.55  0.000000000000e+00 17
 2.65  0.000000000000e+00 17
 2.75  0.000000000000e+00 17
 2.85  0.000000000000e+00 17
 2.95  0.000000000000e+00 17
 3.05  8.559810000000e+00 17
 3.15  8.089537083333e+00 17
 3.25  5.431072926239e+00 17
 3.35  3.475825920111e+00 17
 3.45  2.157282858877e+00 17
 3.55  1.294506885689e+00 17
 3.65  7.740487528155e-01 17
 3.75  4.615059015408e-01 17
 3.85  2.753072349023e-01 17
 3.95  1.740348164109e-01 17
 4.05  1.258378439589e-01 17
 4.15  1.028543378273e-01 17
 4.25  9.174294545118e-02 17
 4.35  7.489056114589e-02 17
 4.45  4.799977838279e-02 17
 4.55  1.752171197933e-02 17
 4.65 -5.387142623691e-04 17
 4.75 -1.258226104270e-02 17
 4.85 -1.633366206771e-02 17
 4.95 -1.327847524956e-02 17
 5.05 -2.041187880871e-02 17
 5.15 -4.051239150386e-02 17
 5.25 -6.955769376300e-02 17
 5.35 -1.006501632966e-01 17
 5.45 -1.257667759455e-01 17
 5.55 -1.412698170881e-01 17
 5.65 -1.469250947193e-01 17
 5.75 -1.439120517854e-01 17
 5.85 -1.354204447499e-01 17
 5.95 -1.244606059021e-01 17
 6.05 -1.126904347124e-01 17
 6.15 -1.012545198392e-01 17
 6.25 -9.107587096014e-02 17
 6.35 -8.208468239626e-02 17
 6.45 -7.423700063325e-02 17
 6.55 -6.716342952036e-02 17
 6.65 -6.107248861878e-02 17
 6.75 -5.561315304628e-02 17
 6.85 -5.068091474702e-02 17
 6.95 -4.617633851315e-02 17
 7.05 -4.203781069028e-02 17
 7.15 -3.819561758595e-02 17
 7.25 -3.467597607046e-02 17
 7.35 -3.144799487979e-02 17
 7.45 -2.855138743513e-02 17
 7.55 -2.591231745443e-02 17
 7.65 -2.352389347790e-02 17
 7.75 -2.138948220109e-02 17
 7.85 -1.945108704487e-02 17
 7.95 -1.769957045677e-02 17
 8.05 -1.611904599289e-02 17
 8.15 -1.472582181604e-02 17
 8.25 -1.349892522566e-02 17
 8.35 -1.238328131261e-02 17
 8.45 -1.138572880817e-02 17
 8.55 -1.048211849301e-02 17
 8.65 -9.652171503144e-03 17
 8.75 -8.906430492361e-03 17
 8.85 -8.219441902801e-03 17
 8.95 -7.595685137578e-03 17
 9.05 -7.018171272485e-03 17
 9.15 -6.490467637994e-03 17
 9.25 -6.001322273074e-03 17
 9.35 -5.554890862111e-03 17
 9.45 -5.143156070770e-03 17
 9.55 -4.766548162935e-03 17
 9.65 -4.418732138665e-03 17
 9.75 -4.099798145603e-03 17
 9.85 -3.807323997312e-03 17
 9.95 -3.538614302414e-03 17
10.05 -3.291134519212e-03 17
10.15 -3.062479645062e-03 17
10.25 -2.852604228102e-03 17
10.35 -2.662575686798e-03 17
10.45 -2.483824813831e-03 17
10.55 -2.316311188449e-03 17
10.65 -2.165014274608e-03 17
10.75 -2.026267483792e-03 17
10.85 -1.895042133570e-03 17
10.95 -1.773772297021e-03 17
11.05 -1.661262749310e-03 17
11.15 -1.554974602293e-03 17
11.25 -1.458759600285e-03 17
11.35 -1.367506090316e-03 17
11.45 -1.283791124821e-03 17
11.55 -1.205001885231e-03 17
11.65 -1.130000000000e-03 17
11.75 -1.062532575398e-03 17
11.85 -1.000000000000e-03 17
11.95 -9.400000000000e-04 17
 0.05  0.000000000000e+00 18
 0.15  0.000000000000e+00 18
 0.25  0.000000000000e+00 18
 0.35  0.000000000000e+00 18
 0.45  0.000000000000e+00 18
 0.55  0.000000000000e+00 18
 0.65  0.000000000000e+00 18
 0.75  0.000000000000e+00 18
 0.85  0.000000000000e+00 18
 0.95  0.000000000000e+00 18
 1.05  0.000000000000e+00 18
 1.15  0.000000000000e+00 18
 1.25  0.000000000000e+00 18
 1.35  0.000000000000e+00 18
 1.45  0.000000000000e+00 18
 1.55  0.000000000000e+00 18
 1.65  0.000000000000e+00 18
 1.75  0.000000000000e+00 18
 1.85  0.000000000000e+00 18
 1.95  0.000000000000e+00 18
 2.05  0.000000000000e+00 18
 2.15  0.000000000000e+00 18
 2.25  0.000000000000e+00 18
 2.35  0.000000000000e+00 18
 2.45  1.773248000000e+01 18
 2.55  1.037310764706e+01 18
 2.65  6.834535841584e+00 18
 2.75  5.004496094930e+00 18
 2.85  3.486593274209e+00 18
 2.95  2.619373704691e+00 18
 3.05  2.002524478951e+00 18
 3.15  1.606717792113e+00 18
 3.25  1.383823947158e+00 18
 3.35  1.177613049476e+00 18
 3.45  9.780015902615e-01 18
 3.55  8.139150549197e-01 18
 3.65  6.368466334961e-01 18
 3.75  5.166528524013e-01 18
 3.85  4.364607826087e-01 18
 3.95  3.824771503697e-01 18
 4.05  3.341838285253e-01 18
 4.15  3.176093941973e-01 18
 4.25  2.936307002919e-01 18
 4.35  2.652281291307e-01 18
 4.45  2.081855476850e-01 18
 4.55  1.351983680268e-01 18
 4.65  6.798981325512e-02 18
 4.75  1.406348265953e-02 18
 4.85 -2.188784815849e-02 18
 4.95 -4.147661669829e-02 18
 5.05 -5.180870448247e-02 18
 5.15 -5.602675018983e-02 18
 5.25 -5.600632417386e-02 18
 5.35 -5.373787071635e-02 18
 5.45 -5.013952602624e-02 18
 5.55 -4.614095178130e-02 18
 5.65 -4.189652589665e-02 18
 5.75 -3.764703797244e-02 18
 5.85 -3.358437817091e-02 18
 5.95 -2.975589021907e-02 18
 6.05 -2.634200562459e-02 18
 6.15 -2.316661053958e-02 18
 6.25 -2.042454642025e-02 18
 6.35 -1.797913788306e-02 18
 6.45 -1.584438597168e-02 18
 6.55 -1.399613577509e-02 18
 6.65 -1.238452133603e-02 18
 6.75 -1.095840606623e-02 18
 6.85 -9.711667849926e-03 18
 6.95 -8.650651791637e-03 18
 7.05 -7.670508271995e-03 18
 7.15 -6.865063560720e-03 18
 7.25 -6.114444533476e-03 18
 7.35 -5.493615463330e-03 18
 7.45 -4.933985777848e-03 18
 7.55 -4.453614450634e-03 18
 7.65 -4.013694583369e-03 18
 7.75 -3.648925868270e-03 18
 7.85 -3.323913814825e-03 18
 7.95 -3.034357788046e-03 18
 8.05 -2.774701563240e-03 18
 8.15 -2.549813101734e-03 18
 8.25 -2.344928834098e-03 18
 8.35 -2.154907154824e-03 18
 8.45 -1.979777724690e-03 18
 8.55 -1.824876041323e-03 18
 8.65 -1.684877159729e-03 18
 8.75 -1.554858122227e-03 18
 8.85 -1.434845484114e-03 18
 8.95 -1.324817758804e-03 18
 9.05 -1.225154355087e-03 18
 9.15 -1.135108126685e-03 18
 9.25 -1.045099366984e-03 18
 9.35 -9.701451059243e-04 18
 9.45 -9.001287499112e-04 18
 9.55 -8.400805577185e-04 18
 9.65 -7.800559335060e-04 18
 9.75 -7.250113173382e-04 18
 9.85 -6.749883941471e-04 18
 9.95 -6.349717680612e-04 18
10.05 -5.900000000000e-04 18
10.15 -5.500000000000e-04 18
10.25 -5.100000000000e-04 18
10.35 -4.800000000000e-04 18
10.45 -4.448533056965e-04 18
10.55 -4.200000000000e-04 18
10.65 -3.900000000000e-04 18
10.75 -3.600000000000e-04 18
10.85 -3.400000000000e-04 18
10.95 -3.151240811488e-04 18
11.05 -2.900000000000e-04 18
11.15 -2.751324485417e-04 18
11.25 -2.600000000000e-04 18
11.35 -2.400000000000e-04 18
11.45 -2.250752641438e-04 18
11.55 -2.100000000000e-04 18
11.65 -2.000000000000e-04 18
11.75 -1.900000000000e-04 18
11.85 -1.700000000000e-04 18
11.95 -1.600000000000e-04 18
 0.05  0.000000000000e+00 19
 0.15  0.000000000000e+00 19
 0.25  0.000000000000e+00 19
 0.35  0.000000000000e+00 19
 0.45  0.000000000000e+00 19
 0.55  0.000000000000e+00 19
 0.65  0.000000000000e+00 19
 0.75  0.000000000000e+00 19
 0.85  0.000000000000e+00 19
 0.95  0.000000000000e+00 19
 1.05  0.000000000000e+00 19
 1.15  0.000000000000e+00 19
 1.25  0.000000000000e+00 19
 1.35  0.000000000000e+00 19
 1.45  0.000000000000e+00 19
 1.55  0.000000000000e+00 19
 1.65  0.000000000000e+00 19
 1.75  0.000000000000e+00 19
 1.85  0.000000000000e+00 19
 1.95  0.000000000000e+00 19
 2.05  0.000000000000e+00 19
 2.15  0.000000000000e+00 19
 2.25  0.000000000000e+00 19
 2.35  0.000000000000e+00 19
 2.45  1.576413333333e+01 19
 2.55  1.036829628205e+01 19
 2.65  6.927869538462e+00 19
 2.75  4.880663281654e+00 19
 2.85  3.445413154519e+00 19
 2.95  2.508806261743e+00 19
 3.05  1.909141340142e+00 19
 3.15  1.544330105225e+00 19
 3.25  1.322700460901e+00 19
 3.35  1.170622938092e+00 19
 3.45  1.040636790140e+00 19
 3.55  8.794867193655e-01 19
 3.65  7.329390612947e-01 19
 3.75  5.936688229944e-01 19
 3.85  4.870320714740e-01 19
 3.95  4.021101730833e-01 19
 4.05  3.516177403019e-01 19
 4.15  3.079221230197e-01 19
 4.25  2.846788052155e-01 19
 4.35  2.448745684508e-01 19
 4.45  1.909180197510e-01 19
 4.55  1.207116669965e-01 19
 4.65  5.798812431157e-02 19
 4.75  9.422937408818e-03 19
 4.85 -2.245126011577e-02 19
 4.95 -4.124422224804e-02 19
 5.05 -5.047522225465e-02 19
 5.15 -5.379415853668e-02 19
 5.25 -5.346870543367e-02 19
 5.35 -5.104680596879e-02 19
 5.45 -4.754327538759e-02 19
 5.55 -4.341793054647e-02 19
 5.65 -3.916992348850e-02 19
 5.75 -3.501978649280e-02 19
 5.85 -3.101004737295e-02 19
 5.95 -2.739685716707e-02 19
 6.05 -2.406660868492e-02 19
 6.15 -2.118300882399e-02 19
 6.25 -1.867143323719e-02 19
 6.35 -1.645342024694e-02 19
 6.45 -1.462696772702e-02 19
 6.55 -1.295794638810e-02 19
 6.65 -1.154321039235e-02 19
 6.75 -1.031198201024e-02 19
 6.85 -9.229739156042e-03 19
 6.95 -8.298081455457e-03 19
 7.05 -7.468101217832e-03 19
 7.15 -6.741161189107e-03 19
 7.25 -6.094795756833e-03 19
 7.35 -5.527050881351e-03 19
 7.45 -5.009283127885e-03 19
 7.55 -4.558564713181e-03 19
 7.65 -4.152743442516e-03 19
 7.75 -3.784939197971e-03 19
 7.85 -3.459377000329e-03 19
 7.95 -3.166477735512e-03 19
 8.05 -2.898816332868e-03 19
 8.15 -2.656362985497e-03 19
 8.25 -2.439155991383e-03 19
 8.35 -2.241788091857e-03 19
 8.45 -2.059667596569e-03 19
 8.55 -1.892334575147e-03 19
 8.65 -1.739974788262e-03 19
 8.75 -1.597667553823e-03 19
 8.85 -1.467644744881e-03 19
 8.95 -1.355239915327e-03 19
 9.05 -1.250153813218e-03 19
 9.15 -1.152677536133e-03 19
 9.25 -1.062647757589e-03 19
 9.35 -9.826188673238e-04 19
 9.45 -9.075954237604e-04 19
 9.55 -8.375855517968e-04 19
 9.65 -7.775634777586e-04 19
 9.75 -7.225494184975e-04 19
 9.85 -6.725408266377e-04 19
 9.95 -6.225240322593e-04 19
10.05 -5.824999145872e-04 19
10.15 -5.400000000000e-04 19
10.25 -5.024745787158e-04 19
10.35 -4.700000000000e-04 19
10.45 -4.400000000000e-04 19
10.55 -4.100000000000e-04 19
10.65 -3.800000000000e-04 19
10.75 -3.600000000000e-04 19
10.85 -3.375608164642e-04 19
10.95 -3.100000000000e-04 19
11.05 -2.900000000000e-04 19
11.15 -2.750907388016e-04 19
11.25 -2.600000000000e-04 19
11.35 -2.400000000000e-04 19
11.45 -2.300000000000e-04 19
11.55 -2.100000000000e-04 19
11.65 -2.000000000000e-04 19
11.75 -1.900000000000e-04 19
11.85 -1.800000000000e-04 19
11.95 -1.700000000000e-04 19
 0.05  0.000000000000e+00 20
 0.15  0.000000000000e+00 20
 0.25  0.000000000000e+00 20
 0.35  0.000000000000e+00 20
 0.45  0.000000000000e+00 20
 0.55  0.000000000000e+00 20
 0.65  0.000000000000e+00 20
 0.75  0.000000000000e+00 20
 0.85  0.000000000000e+00 20
 0.95  0.000000000000e+00 20
 1.05  0.000000000000e+00 20
 1.15  0.000000000000e+00 20
 1.25  0.000000000000e+00 20
 1.35  0.000000000000e+00 20
 1.45  0.000000000000e+00 20
 1.55  0.000000000000e+00 20
 1.65  0.000000000000e+00 20
 1.75  0.000000000000e+00 20
 1.85  0.000000000000e+00 20
 1.95  0.000000000000e+00 20
 2.05  0.000000000000e+00 20
 2.15  0.000000000000e+00 20
 2.25  0.000000000000e+00 20
 2.35  0.000000000000e+00 20
 2.45  1.723837000000e+01 20
 2.55  1.200420600000e+01 20
 2.65  8.240330368098e+00 20
 2.75  5.705788115108e+00 20
 2.85  3.924718937669e+00 20
 2.95  2.664473424694e+00 20
 3.05  1.956519381987e+00 20
 3.15  1.524538139159e+00 20
 3.25  1.312445622410e+00 20
 3.35  1.222007377339e+00 20
 3.45  1.137894867496e+00 20
 3.55  1.039976111564e+00 20
 3.65  9.309120828879e-01 20
 3.75  8.142845695311e-01 20
 3.85  7.110453320507e-01 20
 3.95  6.074909565905e-01 20
 4.05  5.268201961265e-01 20
 4.15  4.691435620078e-01 20
 4.25  4.133879156621e-01 20
 4.35  3.572903366180e-01 20
 4.45  2.739404648093e-01 20
 4.55  1.764017872439e-01 20
 4.65  8.683766983135e-02 20
 4.75  2.147359982949e-02 20
 4.85 -1.721257964534e-02 20
 4.95 -3.873554826788e-02 20
 5.05 -4.709673554023e-02 20
 5.15 -4.896123159748e-02 20
 5.25 -4.718960623730e-02 20
 5.35 -4.410405639256e-02 20
 5.45 -4.054923081576e-02 20
 5.55 -3.704800571226e-02 20
 5.65 -3.387466371428e-02 20
 5.75 -3.100015094137e-02 20
 5.85 -2.842028619830e-02 20
 5.95 -2.607978378690e-02 20
 6.05 -2.395595461424e-02 20
 6.15 -2.193227181812e-02 20
 6.25 -2.001150000239e-02 20
 6.35 -1.827710625812e-02 20
 6.45 -1.661557261725e-02 20
 6.55 -1.503567917981e-02 20
 6.65 -1.355211632603e-02 20
 6.75 -1.222787940791e-02 20
 6.85 -1.098805686024e-02 20
 6.95 -9.894039528739e-03 20
 7.05 -8.901533467384e-03 20
 7.15 -7.987500775067e-03 20
 7.25 -7.175156959153e-03 20
 7.35 -6.434684848298e-03 20
 7.45 -5.766833495745e-03 20
 7.55 -5.159116248249e-03 20
 7.65 -4.627689860527e-03 20
 7.75 -4.166780507017e-03 20
 7.85 -3.762090256295e-03 20
 7.95 -3.413195188852e-03 20
 8.05 -3.111180574105e-03 20
 8.15 -2.841528374814e-03 20
 8.25 -2.599400237071e-03 20
 8.35 -2.384159956326e-03 20
 8.45 -2.189257230447e-03 20
 8.55 -2.003609838575e-03 20
 8.65 -1.840792005575e-03 20
 8.75 -1.692961916293e-03 20
 8.85 -1.557812171266e-03 20
 8.95 -1.432715213158e-03 20
 9.05 -1.322694333381e-03 20
 9.15 -1.220101587994e-03 20
 9.25 -1.130095760494e-03 20
 9.35 -1.045060086845e-03 20
 9.45 -9.650492432529e-04 20
 9.55 -8.974974335752e-04 20
 9.65 -8.350494543835e-04 20
 9.75 -7.774811043907e-04 20
 9.85 -7.250229713088e-04 20
 9.95 -6.725281612763e-04 20
10.05 -6.300000000000e-04 20
10.15 -5.849819339653e-04 20
10.25 -5.449822211063e-04 20
10.35 -5.100000000000e-04 20
10.45 -4.749674223998e-04 20
10.55 -4.424725914578e-04 20
10.65 -4.124546621730e-04 20
10.75 -3.875397173649e-04 20
10.85 -3.600000000000e-04 20
10.95 -3.400000000000e-04 20
11.05 -3.175034493206e-04 20
11.15 -2.974885392199e-04 20
11.25 -2.800000000000e-04 20
11.35 -2.600000000000e-04 20
11.45 -2.400000000000e-04 20
11.55 -2.300000000000e-04 20
11.65 -2.124913028872e-04 20
11.75 -2.000000000000e-04 20
11.85 -1.900000000000e-04 20
11.95 -1.800000000000e-04 20
 0.05  0.000000000000e+00 21
 0.15  0.000000000000e+00 21
 0.25  0.000000000000e+00 21
 0.35  0.000000000000e+00 21
 0.45  0.000000000000e+00 21
 0.55  0.000000000000e+00 21
 0.65  0.000000000000e+00 21
 0.75  0.000000000000e+00 21
 0.85  0.000000000000e+00 21
 0.95  0.000000000000e+00 21
 1.05  0.000000000000e+00 21
 1.15  0.000000000000e+00 21
 1.25  0.000000000000e+00 21
 1.35  0.000000000000e+00 21
 1.45  0.000000000000e+00 21
 1.55  0.000000000000e+00 21
 1.65  0.000000000000e+00 21
 1.75  0.000000000000e+00 21
 1.85  0.000000000000e+00 21
 1.95  0.000000000000e+00 21
 2.05  0.000000000000e+00 21
 2.15  0.000000000000e+00 21
 2.25  0.000000000000e+00 21
 2.35  0.000000000000e+00 21
 2.45  1.740775150000e+01 21
 2.55  1.194993962798e+01 21
 2.65  8.143448395152e+00 21
 2.75  5.563656641366e+00 21
 2.85  3.759150421384e+00 21
 2.95  2.518045899750e+00 21
 3.05  1.720470762664e+00 21
 3.15  1.239808224829e+00 21
 3.25  9.723049497281e-01 21
 3.35  8.325784224688e-01 21
 3.45  7.528348502833e-01 21
 3.55  6.927544865096e-01 21
 3.65  6.318440859445e-01 21
 3.75  5.677708321007e-01 21
 3.85  5.081952273856e-01 21
 3.95  4.533298622737e-01 21
 4.05  4.055194517089e-01 21
 4.15  3.671040597042e-01 21
 4.25  3.391681018855e-01 21
 4.35  3.016444533751e-01 21
 4.45  2.419084516210e-01 21
 4.55  1.661445296141e-01 21
 4.65  8.835006360154e-02 21
 4.75  2.995414868311e-02 21
 4.85 -1.082636023510e-02 21
 4.95 -3.483951522520e-02 21
 5.05 -4.764682844367e-02 21
 5.15 -5.288622260105e-02 21
 5.25 -5.361171102730e-02 21
 5.35 -5.168714036087e-02 21
 5.45 -4.840720671335e-02 21
 5.55 -4.442118924212e-02 21
 5.65 -4.038204815415e-02 21
 5.75 -3.638274978664e-02 21
 5.85 -3.263396934814e-02 21
 5.95 -2.915822415748e-02 21
 6.05 -2.592407211349e-02 21
 6.15 -2.297772341775e-02 21
 6.25 -2.024349779977e-02 21
 6.35 -1.781246015082e-02 21
 6.45 -1.569769784787e-02 21
 6.55 -1.387579235906e-02 21
 6.65 -1.231255600141e-02 21
 6.75 -1.098050007973e-02 21
 6.85 -9.863658277294e-03 21
 6.95 -8.887211994582e-03 21
 7.05 -8.028447220110e-03 21
 7.15 -7.282692041219e-03 21
 7.25 -6.609664100231e-03 21
 7.35 -6.012902032191e-03 21
 7.45 -5.475537857142e-03 21
 7.55 -4.991814433268e-03 21
 7.65 -4.555208083931e-03 21
 7.75 -4.156745299722e-03 21
 7.85 -3.802060796289e-03 21
 7.95 -3.473514620637e-03 21
 8.05 -3.178832205791e-03 21
 8.15 -2.908191221899e-03 21
 8.25 -2.661950537264e-03 21
 8.35 -2.438400452884e-03 21
 8.45 -2.232162160394e-03 21
 8.55 -2.045378272486e-03 21
 8.65 -1.876609149956e-03 21
 8.75 -1.722346690475e-03 21
 8.85 -1.582266138389e-03 21
 8.95 -1.454630047673e-03 21
 9.05 -1.340856150567e-03 21
 9.15 -1.237141625593e-03 21
 9.25 -1.142199004820e-03 21
 9.35 -1.056719033263e-03 21
 9.45 -9.771692920472e-04 21
 9.55 -9.067356569258e-04 21
 9.65 -8.404947768633e-04 21
 9.75 -7.804591583116e-04 21
 9.85 -7.254661390282e-04 21
 9.95 -6.741993210806e-04 21
10.05 -6.271035126872e-04 21
10.15 -5.837666056527e-04 21
10.25 -5.441672125410e-04 21
10.35 -5.087377547370e-04 21
10.45 -4.733554434711e-04 21
10.55 -4.404240761188e-04 21
10.65 -4.112766099232e-04 21
10.75 -3.858530361811e-04 21
10.85 -3.600000000000e-04 21
10.95 -3.396015760538e-04 21
11.05 -3.159124299066e-04 21
11.15 -2.958974040309e-04 21
11.25 -2.800000000000e-04 21
11.35 -2.600000000000e-04 21
11.45 -2.408507015969e-04 21
11.55 -2.300000000000e-04 21
11.65 -2.129170086281e-04 21
11.75 -2.000000000000e-04 21
11.85 -1.900000000000e-04 21
11.95 -1.800000000000e-04 21
