          49          25
   418802607
   520204147
   188312129
   750857685
   121464921
   448291146
   372932485
   800347348
   109078590
   655577517
   719381634
   373535716
   559609965
   760370275
   296347677
   647802632
   170600674
   830528451
   948092941
    88110429
   456662022
    45583545
   349486539
   105142070
   379792522
   661201383
   986737349
   447735714
   287056276
   483988056
   403696584
   546806717
   253357109
   267062666
   347172419
   173573145
   930418088
    61953004
   807115306
   383314528
   662001328
   853445199
   994687108
   595993719
   909985937
   362460681
   462984735
   223332086
   581650102
   835715503
   992826965
   327263249
   704997859
   798142141
   433158690
